250;10;10;
130.573;15.8830595;7.4615345;5.9391856;-3.4739218;-4.6821103;-0.9725765;-2.568357;-2.108222;-1.3226928;0;
136.37366;-1.1203524;3.930916;6.742769;-4.3926315;-0.7291747;-1.0959158;-0.99924564;-1.6475488;-1.2208633;0;
129.92427;20.480824;2.6397567;-0.64981776;0.9432479;-3.2401817;-5.1724033;-1.8529623;-0.5366217;-0.0577903;0;
131.52129;3.5262668;-1.8196524;-4.3417997;5.135992;-2.1884782;-0.4642202;-1.2237152;0.74909216;0.79720557;0;
130.66989;21.652905;-1.7470145;4.124032;-1.9869993;-3.8382623;-3.6032171;-2.4808116;-1.2820907;0.82622546;0;
128.57333;6.273168;11.696022;6.979351;-4.423351;-1.1754609;-5.3198495;-3.9883695;-2.7054558;-1.6495255;0;
135.86566;-7.328842;-1.4780467;7.247359;-0.47305015;0.14762515;-3.492455;-0.89651614;1.8899559;-0.3772301;0;
139.24898;3.6066978;3.7270968;8.021988;-6.4764466;-1.8183134;-1.8344136;-3.789966;-1.451477;-1.9056925;0;
140.25304;0.45753697;2.1929772;6.6395464;-4.677445;-0.590332;-2.2985694;-2.539706;-0.8203909;-2.2498372;0;
131.12433;-2.8794582;3.696364;1.3807322;1.9944903;-4.159632;0.1411974;-1.2208134;-1.4984838;-0.2299368;0;
127.96502;5.9646196;1.5167781;-4.1674166;2.6905715;-1.4500601;-0.3923244;-3.1204386;0.92540234;2.2954853;0;
127.99294;18.4109;4.2320347;4.337515;-4.4891977;-5.609486;-1.2503717;-2.010011;-1.0521351;-2.040242;0;
132.61919;2.494116;6.2590537;5.0826573;-1.9414948;-1.364238;-2.671803;-1.7188977;-3.1575937;-1.2675291;0;
127.27328;23.545055;-1.1168585;3.1139164;-1.0308943;-2.9896922;-4.6696453;-2.2946835;-0.3411878;-1.2301545;0;
125.66381;21.475912;3.9319377;4.140191;-1.7924075;-3.7044673;-2.4707422;-1.8405702;-2.0163958;-1.0774553;0;
136.51837;-2.8027854;-0.5066831;7.703826;-2.2093618;1.2732141;-1.5559291;-2.1151407;2.0266883;0.16138841;0;
129.77965;17.856094;5.3222876;-4.1893573;2.2138903;-4.541374;-3.3186429;-3.6568131;0.32536998;-0.1896902;0;
120.449104;26.523806;2.2257009;3.6928504;-2.910204;-1.2047386;-2.0696313;-2.5735428;-4.05105;-0.94794625;0;
134.03638;0.29502934;5.6636825;7.258179;-2.7130678;-0.2739543;-2.101383;-2.0455873;-2.6312406;-1.8130699;0;
135.07323;6.072223;7.4090924;9.925889;-8.563564;-3.8769488;-1.9964322;-4.653321;-1.7025331;0.41898856;0;
135.30142;4.456672;-2.905446;-5.1497564;4.946289;-0.58315086;-1.9727236;-1.8289728;0.5498156;1.4643741;0;
132.65016;-5.450875;-0.64030945;8.518574;-1.4017938;0.28705803;-2.2671905;-0.8842002;2.4997218;0.07909373;0;
126.26373;20.635761;5.679649;-2.7383287;1.3273274;-2.506107;-3.6827736;-3.3398178;-1.4379295;1.0212268;0;
133.72557;8.222794;3.4068024;-1.158693;3.6126785;-4.074074;-2.7116177;-2.2566652;-1.2626182;-1.0525049;0;
132.17294;-8.131965;-6.757335;1.7935752;-5.194899;2.1918466;-1.5868787;-5.581652;-0.88008565;0.9949097;0;
111.088486;11.215785;1.384821;-2.5920167;3.6028967;1.3397297;-4.060985;-1.8667797;-1.7283272;-4.3821363;1;
121.09188;0.5860156;5.2118697;1.3132261;-0.12729554;-1.7966834;-2.1248045;1.3589947;-1.0700277;-0.19899446;1;
68.7148;8.467591;-4.236133;3.9453037;1.0867157;-3.257274;-1.8078023;0.8414985;-0.32180557;-1.1996956;1;
77.59286;-13.9828005;1.5329903;-3.2601025;-3.0464876;-2.1796153;4.965391;-3.7094436;1.760949;1.3818778;1;
96.39196;-28.132124;10.68519;-7.4032326;0.074236445;2.1499338;-3.0744526;0.5752151;0.4817184;-0.3814783;1;
80.87148;13.924673;1.6555132;1.4762465;-0.17533465;-2.4644353;-4.367414;-3.2713182;-2.7590835;-1.4935439;1;
81.69724;-9.68744;-3.9310114;-6.2729187;4.0994644;-3.2369542;1.5829545;2.5309134;0.64922434;-2.3573275;1;
110.37514;12.017612;0.7480386;-11.152316;-3.9902334;-3.92746;-4.0422244;-4.2062097;-0.14477423;1.025279;1;
65.53948;8.330989;0.61012125;4.1571927;-4.525181;-5.3719835;-4.4522295;-4.08028;-0.62385803;0.6797938;1;
82.20331;-17.084177;-0.46411005;2.5413685;-0.7000871;-3.4699798;5.968138;-0.85281354;0.53731805;-0.27294287;1;
64.098274;7.341155;7.319028;7.308538;-1.0255628;-0.9108275;-0.08850281;-4.9625883;-2.5156696;-1.6031325;1;
67.68802;7.6629996;0.8537528;2.6229103;-4.3718276;-3.314971;-2.276671;0.1219508;-0.20027426;-0.543969;1;
110.01763;-4.8832517;-4.9928813;-4.403882;3.441652;-7.1384068;0.18443207;-2.8381658;0.25502485;-2.8606482;1;
73.73591;-4.9250307;0.090883896;5.7184978;-4.369032;-1.2310629;0.66939986;-3.4216976;-2.5075362;1.5686795;1;
85.679054;-19.468689;0.114494935;0.0023741736;-0.8488511;0.28740138;4.05352;-3.1057675;0.33082673;1.3206333;1;
69.59799;9.072291;-3.2341526;-0.26813927;3.0676804;-0.72810286;-3.6920018;0.7148624;-0.6001365;-4.1331677;1;
126.78731;-12.524061;-6.686686;-2.130677;-1.7001648;3.5629041;3.6142707;0.5135231;-3.999086;-2.3966947;1;
100.647835;3.0689743;-9.8422365;-7.3608966;-0.98254126;1.2253048;-2.6658003;1.9496806;2.3607364;3.058602;1;
100.574776;-4.381224;-7.01525;-7.3870215;0.76430535;2.8808916;6.3118925;-4.0578165;-0.7372828;-0.36145398;1;
80.973305;16.792608;12.564418;9.857915;0.5797442;-1.6101091;-1.3966267;-1.6908259;-1.7713861;-3.4062345;1;
70.38944;-12.396624;-0.64452446;-2.745599;-1.1671839;3.892667;1.0477712;-5.5191674;2.6719744;1.137143;1;
71.50829;-6.0286016;-9.498618;4.8010054;4.5946784;-5.8097773;-0.83296084;3.1295137;1.2552441;-0.34310237;1;
77.44982;19.698507;9.892627;10.355045;2.738193;-1.4040455;-3.1616006;-3.342414;-1.3245019;0.8546433;1;
78.69709;-4.1977887;7.1847496;-2.8704839;-6.345627;1.1257085;-5.0540934;-1.6765685;-2.8518357;0.0027193015;1;
104.574585;4.426171;-3.2164178;0.44169217;-4.081506;-1.5835667;-3.0857055;1.809123;2.7001894;2.6910152;1;
118.11338;-5.096011;-1.3589704;-4.765455;-0.075623505;-4.1273627;-3.1496105;-1.741579;1.1101154;0.9417922;2;
100.95825;-4.8117046;-4.727051;-0.23825319;-2.7505333;-1.8297188;1.0300814;-0.25952357;0.95667636;0.6471289;2;
126.842896;-4.0127096;1.2397437;0.6329137;-1.019465;0.36157137;-0.9192504;0.06622227;-2.5297987;0.09640001;2;
114.06787;15.08988;2.4513857;-4.0854416;-0.37868643;-2.4118934;-4.370957;-2.9359632;-0.9702286;1.478015;2;
98.90907;-14.856945;-2.764211;-2.5620852;-1.3783152;-5.8373404;7.626288;-3.3612602;1.9088204;-2.182716;2;
92.21947;-25.312042;6.2019477;-5.760775;-2.2820256;4.829805;-1.0553563;-2.6119447;2.261605;-1.2042929;2;
107.41549;-0.49556836;-1.0885168;-7.7833858;-1.2971451;-7.092573;-2.3578181;0.20282634;2.6184888;2.398319;2;
127.85066;-3.9575908;0.6489339;0.78337055;1.1666232;-0.20475376;-0.9077013;0.5028924;-1.9476527;0.9003776;2;
103.10515;-23.306267;2.0457933;2.5133963;-8.090006;2.1518583;-1.6689484;0.6611586;0.37907198;1.0653675;2;
90.01879;12.452873;7.8508883;-5.585382;3.8972917;0.09979361;3.825869;-1.3387262;0.088089;-0.9042095;2;
95.08062;-27.510542;8.760359;-6.077911;-3.851156;5.426434;-1.1962943;3.4163013;-2.671344;-0.74143714;2;
94.3956;16.648783;7.4423704;-3.660361;4.877434;0.2843652;2.4456272;-0.15509401;3.4732714;1.476193;2;
127.35645;0.18939757;-1.7697085;0.41555122;-4.3546367;-0.01763999;0.88189435;-2.6709602;-1.4940913;-1.2311207;2;
94.6486;-11.106214;-5.3426743;-1.4304904;-0.19794329;-4.9115853;0.6133512;0.66914773;1.7732084;2.5865667;2;
124.14042;17.448242;-2.4715235;-0.86963016;-1.4518597;0.9484205;-1.9275044;-0.07613906;0.78164244;2.050461;2;
110.88652;-3.784537;8.51751;0.29617518;4.774899;-1.556371;-2.4384904;0.8100288;-0.14560631;-1.1937059;2;
117.91633;-4.8202076;6.680286;1.0139889;3.6236622;-6.832113;-1.379337;-2.732774;-2.1342158;-1.7030396;2;
104.85331;-5.7353196;-2.3289008;0.354772;1.586449;-2.511047;-7.2790346;-0.66242206;-1.4365218;0.60955065;2;
100.37865;-27.964952;5.5893126;0.95867014;-2.637774;0.1443411;0.80695224;0.77615136;-1.5030593;-0.34023964;2;
127.48937;3.1573377;-0.52910274;2.719808;-2.7759712;-1.5476675;1.9516368;-0.6627733;1.1911635;0.63286626;2;
126.00157;14.388259;-0.2932971;-3.2115946;-0.6666788;-1.7667286;-1.558193;0.32881582;0.80057794;2.0248866;2;
102.72031;18.314028;5.7638845;-5.107107;0.4617767;-3.2649586;-0.9330544;-0.89680386;-1.273309;-1.8111717;2;
132.44778;5.7456117;7.3560143;4.246817;-8.533967;1.4960908;-1.0451723;-2.6799233;2.300795;-1.3047057;2;
128.41374;1.5208744;1.1881031;3.2975106;-2.4866064;0.53363365;2.1988394;1.3870585;1.0328536;-0.5649162;2;
89.937675;-25.490185;7.3125496;-7.930335;2.1004014;1.2653648;-2.464621;5.638016;-4.304927;1.5710342;2;
129.32634;8.803658;-0.07014042;10.935525;-3.350116;-1.5170356;1.3356878;-1.3619269;-2.45846;-0.96280175;3;
129.99742;7.640193;-9.766883;2.5305085;-9.394651;-1.7420027;0.5093303;3.5677857;-0.19045869;1.325325;3;
133.85063;7.648763;4.2235317;7.38859;-4.4631743;-2.2139645;-0.38368064;-2.871896;-1.8708842;-0.50478935;3;
129.20111;-1.5024416;-1.3168811;-2.4981217;-9.857325;-1.2594948;1.1624261;0.67016804;-0.0015980869;1.294806;3;
131.13321;6.287542;0.070383996;3.1868248;-4.16737;-1.682247;3.8120131;-0.87170994;0.67844796;-0.72048706;3;
77.3209;-23.811407;10.205546;-9.829353;3.9883373;-2.4529517;-2.091088;1.4968017;-1.1946584;1.0367503;3;
76.56348;27.161354;12.565685;13.159182;9.809648;4.708015;1.6268623;0.99008334;0.49816558;-1.3015001;3;
88.50514;-13.048951;-4.707095;3.9698536;0.24382937;-5.2141147;-1.3810775;0.3308271;-0.4293785;1.3376317;3;
85.14801;0.8398269;-1.7750493;8.109365;1.6620039;-4.333199;-4.252116;1.8412101;-2.6750793;-0.59866405;3;
124.231705;15.541562;-0.76689625;-4.7936983;-0.24818665;-1.2703696;-3.256948;-0.92055005;-1.5087236;0.6642663;3;
129.69414;1.5474066;1.604793;0.0026753424;-12.0698185;-2.2881734;-2.8906412;-1.380705;1.631453;-0.037571903;3;
132.82193;-7.287846;-7.7303615;0.80471957;-5.9473987;1.6511672;-1.0205733;-4.0303073;0.37356278;0.6135643;3;
90.170425;26.376171;6.644546;12.395136;8.484814;0.29669225;1.1975838;2.7194061;-2.1552267;-4.785848;3;
129.29633;14.49246;4.472138;-0.59588176;1.5101002;-3.8019023;-5.250802;-2.6041079;-1.4689772;0.7468253;3;
102.552795;18.245598;9.817837;6.103251;3.0416002;3.59135;-5.7881827;-2.8205304;-0.98347515;-3.794954;3;
70.87992;-6.5075026;9.277947;-0.8539662;3.3743844;0.5999859;-2.4283783;-1.4379715;-1.5479308;-4.1850953;3;
127.28634;9.863061;0.29119772;11.207354;-3.7368667;-2.3559039;1.9189373;-1.219308;-1.732814;-1.5047957;3;
135.98499;5.9902186;3.8871036;6.084084;-5.3114934;-1.1415738;-1.1448717;-2.1408455;-1.7660899;-0.99041426;3;
99.07665;23.108898;8.787347;4.89892;0.5060918;4.6666837;-1.0199227;-3.1794887;-0.05129243;-1.3153428;3;
75.31678;21.50669;15.281649;14.135771;4.6042023;4.6257167;2.368372;-1.0706354;-0.45468864;-0.8665236;3;
131.7276;8.52216;-0.17946161;4.8722305;-4.8944945;-2.557343;3.2187757;-0.36311835;1.3597285;0.24436662;3;
133.67845;5.3649206;1.6672161;3.4826074;-7.785102;-0.16512921;0.8807449;-0.10056721;1.7470106;0.86276543;3;
91.6617;-22.957212;3.6169684;-6.4060073;2.769002;1.3835741;-2.2212849;1.2485085;0.23651561;0.17016742;3;
75.20541;19.761255;15.549259;13.724609;4.132263;5.1474595;2.1470988;-0.907442;0.29703784;-1.0433738;3;
132.59256;3.7457795;0.12730478;3.718055;-5.135676;-1.0051546;3.5182953;-0.6637519;0.083844;-0.12030534;3;
134.82631;13.246236;2.877574;4.361796;-4.749813;-5.6252065;-2.0580678;-1.5402471;-0.055641577;-2.04536;4;
136.92485;3.6257687;-2.5155098;-4.866657;3.1438243;-2.8841445;-3.4225245;-1.4490976;0.9540801;1.1306595;4;
128.1722;5.903423;3.555639;0.33278576;-6.388384;-1.8032583;1.4239007;0.20036478;0.42592302;-0.08835505;4;
140.42386;10.302241;1.4157664;0.686266;-1.9872918;-2.9702473;-4.4287004;-0.8456856;-0.60287476;-0.2797787;4;
137.20126;8.096767;-1.8392842;-3.1445692;-7.8726044;-5.1470323;-6.6959205;-1.8885972;0.45811903;-1.2896495;4;
136.74994;10.699703;4.7284937;3.458266;-8.478296;-2.9237263;-2.904444;-3.3619535;-0.62349594;-0.09266499;4;
139.50662;11.475896;2.1668985;1.3643515;-5.735875;-2.2043667;-3.6214056;-1.0863402;1.1784916;-0.075587325;4;
139.65906;12.042787;2.4225764;0.7464712;-2.7895818;-3.1373577;-5.2133083;-0.61452216;-0.22141561;-1.2193133;4;
132.88687;3.0133557;1.9100847;9.748134;-2.775813;-1.2754511;-1.5246783;-2.9991112;-2.0320113;-1.5603666;4;
118.92612;-7.719591;5.6893344;1.0389688;-8.098369;3.8424997;-2.3663828;-0.2867377;2.4891222;-0.37813377;4;
123.44558;14.028706;1.0816448;5.017553;-1.3884295;-4.3281507;1.4402926;1.1735004;-1.2605542;0.85138875;4;
135.07185;5.5099354;3.709803;3.5372322;-11.629007;-2.1708572;0.30594283;-2.4010613;1.6458273;1.8907135;4;
138.69365;12.715303;3.9170513;3.3126903;-6.264331;-3.375055;-2.1426332;-1.7089709;-2.383442;-0.5148628;4;
127.63203;6.7790403;10.811692;7.822185;-5.756797;0.04266504;-5.279659;-5.736529;-0.55231416;-1.7033226;4;
140.66049;10.095136;0.9571452;1.0677601;-3.9443655;-4.160914;-4.531155;-0.2804782;0.73768085;1.019084;4;
139.15344;6.1957183;-2.466855;-4.0895386;-4.9205675;-4.120326;-3.306867;1.0521361;0.28502482;-0.43443647;4;
138.76178;10.774264;0.98666865;-0.07750353;-7.0120153;-3.4965262;-4.464647;-2.3411558;0.02630975;-0.34783334;4;
126.35993;9.044239;1.6514767;0.30626136;-3.023001;-3.4567332;1.6217016;-0.81770843;-0.46697968;-0.051031236;4;
133.76746;5.6275287;6.773047;11.39416;-6.5883374;-5.637223;-3.1113498;-2.4921134;-1.130957;-0.55799425;4;
138.43047;7.3614287;0.6016977;3.8789475;-4.3890114;-0.6178599;-0.24561077;0.06283315;-0.4442452;-1.4229417;4;
135.39317;11.550171;7.583515;5.2384057;-9.668365;-3.1425936;-0.7472289;-2.025613;-1.7751259;-1.6069708;4;
136.40202;3.4203002;-5.2485948;-5.560027;-7.4171705;-4.8642993;-2.3790987;2.7093315;2.0968063;1.5037522;4;
131.4349;12.687624;8.045267;3.4180467;-4.6534977;-2.1354294;-5.698562;-2.528914;-0.5297538;-0.3719042;4;
135.37788;0.045979455;-4.0200796;-4.4252014;4.4841895;-3.5484104;-4.6277604;-3.1957335;-0.119857006;0.5483416;4;
140.7555;10.279723;2.105337;3.8698237;-5.7619305;-5.145129;-3.2397854;0.23757969;0.031547807;-1.0970664;4;
120.01384;-0.40874335;1.7808838;2.2696042;-11.214626;-7.0271435;-4.96765;-3.411612;1.9804419;2.4697404;5;
104.62151;15.11901;-5.32249;-5.5876713;0.85349125;-0.13022852;-1.7032764;-3.4601908;-2.172286;-0.10031723;5;
104.77367;8.527631;1.0014669;-5.9907703;2.0193129;-0.89894074;-0.40955895;-4.2037444;-0.63171554;-0.34060457;5;
112.882904;7.3369484;1.6788331;0.67337066;1.9854181;-7.832676;-9.109547;-4.627874;-2.2351878;-0.4301093;5;
102.57496;7.1876945;6.5657225;0.27115852;3.5720146;-6.4146533;-1.2495793;1.2081666;1.0215328;-0.69921744;5;
108.94707;8.852075;-3.2644606;-1.6005301;1.2115129;1.2470751;-3.7047818;-3.2388778;-2.5920699;0.2547198;5;
110.10066;12.569637;-10.001192;2.4350436;1.6750772;1.3151095;-2.426283;-2.669636;1.3496375;-1.1618059;5;
118.57277;1.5211887;7.2635403;-2.0936007;3.3941824;-9.339815;-1.6415591;-1.3937187;1.0009396;0.9232531;5;
123.23172;14.9923315;3.226466;8.184502;-3.0138;-2.7631636;-1.5664138;-2.3914318;-1.196355;-1.3594426;5;
114.575386;-11.047153;1.0127506;-0.78126466;-5.8725414;4.9828796;-0.4003061;-0.6852771;1.0577806;-1.2300724;5;
116.15782;7.757598;8.476372;3.2700012;-5.278551;-1.9003956;-0.41129607;0.26361325;0.7070788;0.44755897;5;
126.27976;11.523781;7.6785774;9.344263;-5.936952;-1.3320975;-2.2310772;-2.9127073;-2.8902545;-2.288277;5;
105.29056;-10.444896;0.08386806;-5.030052;3.225035;-5.1364946;3.7188735;1.370252;2.112773;0.79761505;5;
99.570724;-15.923937;-5.600011;-4.5509567;4.436905;-3.5814567;2.8656614;0.7616975;-1.0333756;0.0060760262;5;
108.713455;2.6078265;5.813502;8.82421;-6.640918;1.3276415;0.23656796;-3.59777;0.25141326;-1.1851298;5;
95.044136;3.5953622;1.3218184;-4.8831816;1.1793377;-2.9678812;-4.8041053;-1.41804;-0.5093154;0.171318;5;
122.23783;-7.742154;-2.8393517;1.0320904;-1.31731;2.91228;3.3193092;1.5560454;-0.9718644;2.0624864;5;
119.59509;-6.314311;2.4653025;-1.041547;-3.875864;-3.9624486;-0.82987046;1.2127178;-2.041656;0.20943263;5;
116.95241;13.919433;4.36707;3.9144988;-7.616473;-1.2453924;-4.094275;-1.0265099;-1.8915676;-0.3670975;5;
105.65667;27.319786;2.658174;-1.2903088;-2.958682;-5.7479663;-4.815504;-4.0518637;-3.135698;-1.8695825;5;
112.43888;-5.0558186;3.8134758;-7.4825644;-0.41252857;-8.260606;-0.9681392;-1.2718016;-0.3221184;-0.5863237;5;
102.615395;11.825136;-10.040251;-0.564764;-6.3417997;2.5732386;-3.827347;-2.6462255;-0.4651743;-3.8982017;5;
87.68163;-17.208616;5.445623;-4.3259964;-4.000622;1.8791277;-1.8466059;0.89123666;0.5720429;1.0713971;5;
120.80081;-4.339732;-7.885524;4.881278;-2.5865242;6.0774837;4.0725236;-0.5768964;-2.5062635;-2.2927985;5;
123.26317;-3.6826804;0.078384854;1.7245007;-2.3513641;-4.3390756;-2.185701;0.42487103;-0.80160487;0.45899045;5;
98.32057;-4.2350883;-1.6623884;-1.1591079;1.8513231;-0.54580206;1.6973109;3.4275157;-4.3138494;0.11475063;6;
96.73354;-4.801255;-0.91184115;-4.445614;4.112427;-7.0546026;-0.86776155;-2.0175216;-1.0373448;0.5356244;6;
113.92372;17.774666;8.005359;11.704485;-2.0383427;0.29848635;1.0210735;-4.0344143;-5.798816;-2.1958447;6;
105.952324;24.916882;9.670074;5.393744;-1.7083353;-0.22452341;-2.2166333;-1.2348073;-1.3208948;-2.5180192;6;
94.563576;-2.2204676;12.655979;-3.2307127;0.26822034;1.2518349;4.9545674;-0.5996769;2.2457123;-5.0498424;6;
105.74899;9.369298;7.7880282;-2.5917;-8.211092;-7.4252887;-4.847872;-6.2931457;-2.3501737;0.71692896;6;
107.502106;-17.461092;2.900756;2.2195423;-8.493541;-1.51871;-0.86622274;-0.12171312;-1.4176878;-1.6710331;6;
98.73181;0.8016807;4.173192;4.872317;-2.4109223;-4.370536;-4.616873;-2.0935462;-1.4651686;-0.042322956;6;
86.13761;-9.783392;-5.484943;3.3586335;-3.4917808;-5.2548046;-2.0691023;3.7779098;-2.0267446;1.6292025;6;
87.460266;10.694769;0.17566414;-0.22946738;-4.403984;-3.3701115;1.4828268;-1.9691805;-2.660048;-3.5332913;6;
93.42173;-5.4082956;3.4711354;5.5081387;-8.340354;1.7556974;-6.0280175;-5.8262773;5.551069;-0.7569529;6;
109.79013;0.6784731;-2.458603;-4.4193068;0.17134838;-5.1018205;-1.4948297;1.4183944;1.3493083;0.72091556;6;
82.18441;2.835716;7.240605;8.642638;0.28228;-2.2600327;0.62147695;-2.5515213;-6.093402;-4.1443186;6;
110.63255;-0.7648197;3.0198858;-6.7581005;-1.7285079;-9.72395;-0.60988986;-1.2664226;0.9339477;0.51983595;6;
102.63865;-4.177138;4.513083;-1.4472836;3.3179138;-3.2923543;2.681494;1.2871182;-2.4618587;-0.50929487;6;
111.614174;18.454401;7.1647887;1.0785155;2.0380342;-1.2280154;-6.3882565;-1.5495379;0.46395424;-2.888198;6;
109.67377;-3.2010803;-0.26694685;-4.445847;-1.0366932;-4.569285;-2.3585482;0.4076729;-1.5181723;-0.018349303;6;
96.594185;3.468439;4.665024;-0.9608185;2.863831;-0.44859868;3.3037257;2.3501837;-0.6858962;0.45578226;6;
106.40241;18.196867;10.003315;3.2574198;6.5196824;0.27965513;-4.178262;-0.12825853;-1.7988384;-1.2145368;6;
98.76153;-10.681842;-12.108362;-1.0220156;-1.2122355;0.70895547;3.343289;1.0895042;0.3016301;0.5055516;6;
99.89283;1.0678821;4.2682557;-4.5910106;-1.2981278;-3.5310686;5.1115837;-0.52975285;-0.074254125;-0.8647085;6;
84.7747;0.92358917;-2.855435;1.4236436;-3.017745;-8.224287;1.1602277;0.8017602;-1.6960993;-1.5517181;6;
118.85169;-2.4599898;2.037032;-9.068842;-1.7523913;-8.713954;0.014318808;0.35431907;1.2318069;-2.460173;6;
95.553535;-1.0279665;7.144047;7.4797473;-5.709729;-0.20757899;-6.3653293;-4.182334;2.1935031;-3.2247202;6;
92.14823;13.345085;11.894432;6.8819885;14.0123625;-0.80659854;-4.0256023;-7.245982;-0.23613869;-2.6819127;6;
121.474266;15.202087;2.05189;-3.1912856;-0.66433644;-2.232393;-3.4375312;-1.323742;1.0540785;2.242183;7;
105.79475;12.295666;-4.7850447;-10.923917;3.705052;-1.4583044;-1.9033531;-2.6423926;-3.2198756;-1.4769772;7;
72.65236;2.5530825;5.7178693;0.8109518;-2.6221054;-1.5893164;5.707496;-1.0322306;-0.53291655;-1.485865;7;
118.68214;-7.216406;4.584302;1.1317683;5.8848877;-5.960665;1.2718723;-2.0203748;0.683634;-1.5521171;7;
109.535484;23.942068;8.3733835;-2.6016216;1.5095353;-0.5310978;-0.55558366;-3.7972791;-2.0932164;-2.335355;7;
131.05545;5.31021;7.68158;7.360975;-5.2399697;0.022667402;-1.7119479;-2.1136467;-1.3503294;-3.6943512;7;
128.32867;9.872698;7.159701;9.496689;-3.1884303;-3.8117182;-0.6982723;-6.3577743;-3.333027;-1.276646;7;
123.1119;7.122729;7.0929446;-2.4000106;3.2294161;-6.1691637;1.5446856;-1.521716;1.9320203;-0.53017634;7;
105.1817;-28.607605;3.0515263;3.2463496;-1.0247875;3.3479266;-5.215605;1.4339553;1.85488;-0.43414402;7;
94.16705;19.795559;12.93965;9.429218;2.016584;4.169777;-0.9436119;-3.6714685;-1.9887522;-3.3243375;7;
75.12908;-4.7110734;-0.12898892;-0.46631524;-1.2706647;-1.3658731;-5.310241;-0.28324535;-2.2280874;-0.7874869;7;
88.781685;10.485868;-7.2069817;-2.2339656;-3.4783094;0.45901325;-2.445508;-5.6947975;-3.7194486;0.024485376;7;
84.80933;-8.769249;-13.375017;2.906671;3.965574;3.9374719;-2.8889008;1.1660182;-2.9548264;-1.4422396;7;
118.032616;3.2276876;5.755509;7.190936;1.0918138;-0.47209793;-3.2291737;2.3178954;-2.6169763;-0.49812728;7;
103.80435;27.05793;5.2741966;6.109334;10.041384;0.44543555;-6.698685;-5.6870246;-1.1376903;-1.7894133;7;
98.14891;32.280914;6.105087;1.885715;7.7824;5.5114694;-2.5720096;-5.8479347;-4.147011;-2.932641;7;
122.75033;12.477698;3.9821873;-2.4736009;2.6649528;-1.169822;-4.1539207;-1.6302054;-1.2685232;2.7192974;7;
113.83377;-15.454919;5.747449;-1.4318806;1.464225;-2.6476152;-0.8696018;-1.7447443;1.4728374;-2.703685;7;
84.37825;11.448002;2.8631527;-0.2622018;-1.3288496;-2.7688515;-7.9460864;-4.621628;-3.5590277;0.8418678;7;
106.763275;13.227337;-2.0314631;-4.5480614;-3.1785996;0.7474569;-0.7902913;-2.2160969;-0.9501806;-1.4659306;7;
99.396416;-27.162062;2.211922;-4.24943;2.320546;0.27474973;1.6879492;-2.8076258;1.0281162;0.5383154;7;
86.461;-16.000202;-7.4436774;-3.7480404;3.2368314;0.20616001;4.9099703;-0.15165822;-2.9626923;-0.01649751;7;
114.167725;-23.524313;-6.835604;1.0610908;-4.5947413;3.6637614;1.5687132;2.7383382;-0.89889926;-3.437568;7;
121.83313;9.417199;3.3968723;9.231077;-2.9547029;0.65287685;1.6279774;0.36898106;-2.1562917;-1.5905234;7;
71.71574;-25.621847;15.772725;-10.88433;5.6760635;-0.887197;-1.251378;2.3710718;-2.3724966;0.9712289;7;
141.30934;10.661855;0.67709756;1.5554764;-4.5266986;-3.6308236;-3.115059;0.527894;0.8901514;-0.0010607218;8;
140.28198;12.038891;2.413451;0.86132586;-3.8074646;-3.5386999;-4.1502566;-0.7893446;-0.35582525;-0.07481907;8;
140.69186;10.752195;0.6520945;-0.2184987;-4.8564777;-4.6325235;-4.8879967;-1.0251753;-0.5327088;-0.5557462;8;
141.34505;11.5171995;1.4059869;2.168458;-3.8308117;-3.7172995;-4.160815;-0.90621513;-0.40890017;-0.7310113;8;
141.56956;11.059593;1.1677109;1.8999316;-4.042898;-3.5759988;-3.6364918;-0.3086776;-0.11123854;-0.96747464;8;
141.52997;10.102777;0.41519198;1.4946426;-5.120461;-4.010577;-3.166958;0.36800256;0.668342;-0.15111035;8;
141.51807;11.150756;1.1025965;1.739155;-4.1728024;-3.672249;-3.6536252;-0.1259907;0.26083204;-0.5744671;8;
141.43832;11.590555;1.4241852;2.1138928;-3.941944;-3.8299813;-4.2032757;-0.8356927;-0.25191468;-0.5816916;8;
140.63551;12.233846;1.8572026;0.6836268;-3.0233006;-3.858179;-4.9036593;-0.00787638;-0.21106964;-0.68581927;8;
140.14438;11.281705;2.485282;3.3175604;-6.6112046;-3.80934;-2.2151556;-1.5381813;-1.3852078;0.15337981;8;
140.79596;9.196194;-0.295659;1.4867312;-5.3630424;-3.5109541;-1.995693;1.3763164;1.5031384;0.5608134;8;
141.27045;11.466889;1.4516838;2.3110573;-3.8072026;-3.7851083;-4.2757096;-1.0072674;-0.3894446;-0.58123404;8;
139.97827;11.951457;2.6471977;0.7837697;-3.9364092;-3.7482145;-3.9121432;-0.64846456;-0.7140719;-0.098856516;8;
140.82394;10.356765;1.595149;3.4984434;-3.8635936;-3.623748;-3.9381862;-1.6442636;-1.3703418;-0.90290534;8;
141.04309;11.453857;1.9205737;2.7406197;-4.7460055;-4.512363;-3.7778845;-0.07703599;-0.118001565;-1.1996948;8;
141.37024;12.291566;1.5749325;1.6916386;-4.169209;-3.4950674;-4.2468214;-1.0538146;0.22406006;-0.24110593;8;
140.9334;12.326821;1.0685652;1.8266783;-3.9598424;-3.852641;-4.080216;-0.9957252;0.4832314;-0.8170008;8;
141.17215;9.696193;0.17063959;1.6232082;-5.177607;-3.4611025;-2.2235055;1.0499856;1.2420509;0.31185925;8;
139.05734;11.523043;3.3352153;1.8897319;-3.403031;-5.0735054;-4.897821;0.3547614;0.4197329;-0.67506427;8;
141.11035;10.739437;1.4016277;2.7487457;-3.6572127;-3.6701133;-4.2463517;-1.2890366;-0.7552478;-0.74894315;8;
140.7126;12.233214;1.7386509;0.80941606;-3.0237138;-4.048923;-4.6800275;-0.039547473;-0.41359437;-0.3915246;8;
141.52849;10.679676;1.0187685;2.4052296;-4.080745;-3.2476273;-3.050959;-0.32558042;-0.6677666;-1.6443778;8;
141.11362;11.077499;0.95320386;0.45483783;-3.7922106;-3.5593522;-3.8827055;0.20384921;0.8573538;0.4737714;8;
140.25632;12.9489155;1.6982529;0.9726525;-3.1750498;-3.5364747;-5.1985993;-0.067927845;-0.1550448;-0.89276516;8;
141.14146;10.534592;0.9356551;2.4283528;-3.8197947;-3.014371;-2.9517972;-0.2523461;-0.63325286;-1.7156416;8;
90.79786;-1.4672009;-1.1712257;1.8128544;-9.923151;-0.5162287;-0.13488896;-1.1537519;2.525753;-0.11705822;9;
99.28281;21.634317;7.990378;7.048095;3.6538157;1.1208712;-2.8654141;-3.0066054;-2.290581;-1.9799331;9;
110.72424;-18.888311;0.06787838;-2.5845804;-5.016356;8.128654;-2.0884213;-0.9859385;0.29526028;-2.2363384;9;
105.44281;30.062376;12.524387;0.229164;-0.8552146;-0.45848;-0.29990414;-2.7133708;-3.3373833;-1.3919631;9;
99.54933;-16.516224;-2.6704838;-2.201453;3.314695;-1.9351865;5.1339307;-5.0397925;0.9650719;-1.4184444;9;
95.4259;17.703651;7.3375335;-2.7083395;2.0750103;-0.94038904;-3.3406863;-5.236236;-2.639369;-1.8850133;9;
104.54069;-2.0544057;-7.6604047;-4.4936404;-1.0294846;-5.8780346;-0.38384464;0.04815107;-0.07336831;-1.190456;9;
95.26549;6.184401;-1.0787096;1.4668945;-5.5350423;-3.5617893;-3.7826388;-1.5534259;-0.11152974;-0.09306625;9;
89.89631;-14.00446;5.1486273;-0.067620754;1.0301156;-1.3637465;3.7875514;-3.8452785;1.6174515;1.0231615;9;
106.94681;16.574455;4.191549;6.989119;3.247212;-3.2114165;-3.0601795;0.2124276;-2.5589895;-1.6421174;9;
106.92137;-20.695324;5.0482693;-0.99153554;-4.1796403;6.5067043;-1.015541;-1.9742459;-0.13259509;1.2255499;9;
98.27523;6.87067;-1.1509932;-6.967406;-0.24386032;-8.254923;-3.1568632;-0.8872075;2.698778;1.5902159;9;
95.51161;-4.001906;-12.714629;-2.996686;0.18286838;-1.7235054;-0.93601364;4.1929717;-0.18746889;1.0439247;9;
87.40682;10.977063;4.584557;5.1469746;-3.2299109;-5.1142726;-4.1083193;-3.274927;-1.7876819;-0.98370326;9;
100.933334;-12.943916;-4.249961;-6.0268173;1.9041214;-2.1818426;5.411265;-1.2016406;0.5888541;-0.027518429;9;
90.51061;-0.46861568;-2.9343574;-1.0754515;-8.32155;-1.5827119;1.638822;0.20339248;3.1077158;1.1971263;9;
112.506386;-12.247173;-8.925795;-6.303284;4.088846;-0.83318233;1.8879035;2.8953378;1.1668588;-2.9536345;9;
98.94313;5.4706173;-4.5360236;-6.168595;0.9845856;-6.320783;-2.953356;-0.081389345;2.316065;1.5252854;9;
90.37393;-8.64459;0.42334786;-3.7135162;-7.853028;3.350642;-1.4164;1.1143333;2.1707642;-2.2180471;9;
89.22455;-2.916346;-4.17733;-3.8350334;-2.774998;-1.8633052;3.4506931;2.5387871;-0.14455839;1.3096819;9;
121.58929;19.072914;5.8919954;9.858899;-2.6000438;-4.9818935;-2.822281;-2.8513954;-3.0825818;0.42920804;9;
101.15405;-7.5261807;2.6176445;-1.6867403;-8.871206;3.7969513;-1.5602849;-0.087953344;2.671796;-1.9099647;9;
105.468216;-2.3957438;-2.4207273;-0.7741224;-8.1437025;-1.5899923;-1.6880108;1.5477734;0.45820665;0.70678854;9;
104.28729;-7.3997283;0.09109031;-2.7819042;-1.836168;-3.9216235;3.5057821;2.9692912;-0.92873275;0.7486396;9;
103.0627;22.843645;10.383502;-3.2881494;1.1334586;0.039492056;-0.9231775;-3.0602841;-1.5293081;-2.3819013;9;
