250;10;10;
1.802478;-0.10061183;0.45283133;-0.59613174;-0.7029173;-0.5237847;0.07087208;0.11293151;0.09560991;-0.026806233;0;
0.7017876;-0.017385483;0.011298218;0.030689426;0.03855454;9.4209675E-4;0.0010917025;0.0071751038;0.01354434;-0.010620173;0;
0.64094627;-0.008449815;0.031436663;-0.0032929261;0.0293518;0.009532013;-0.014713061;0.03524543;-0.013374884;-0.008743603;0;
1.2862549;-0.006139048;-0.17906348;0.0028182166;-0.11878336;-0.014913204;0.010147616;6.546389E-4;-0.015250237;0.03880797;0;
1.2561573;0.023568997;-0.048271056;-0.04671451;0.013295363;-0.002792506;0.4691625;0.0013267593;0.034275316;0.030246776;0;
1.0912879;0.028828489;-0.101509325;-0.020981928;-0.048558574;0.011901165;0.020493262;0.106141604;0.12807755;0.121137805;0;
0.63130146;-0.023723869;0.053553138;-0.022902867;0.048930973;-0.043928396;0.01679677;-0.035336554;0.017107511;-0.02199571;0;
0.6628037;-0.017080355;-0.023596369;0.023668086;0.065109804;-0.067195304;-0.03024138;0.07325413;0.008091936;-0.07183427;0;
1.1495893;-0.008283158;-0.19732772;0.0025937408;-0.0741948;-0.01709539;-0.036546446;-0.024420634;0.03281255;-0.013648077;0;
1.5778216;-0.015501395;-0.35428527;0.052374665;0.017201325;0.0024423688;-0.29536486;0.13857622;0.009589585;-0.030791113;0;
0.6238705;0.005479807;-0.014920707;0.063378505;0.029086553;0.022911314;0.02010169;0.007002232;0.017487234;0.01659647;0;
0.7876331;-0.03073897;-0.00804043;-0.04195147;0.06788448;0.033200357;-0.018216062;-0.030699419;0.028616011;0.020510888;0;
0.6307477;-0.024240602;-0.03074367;0.08641854;-0.0034366131;-0.013321742;0.038343936;-0.011462458;0.00762759;0.0027111655;0;
4.437251;-0.06027496;-0.2418531;0.0023943796;-0.0689718;0.008992735;-0.03527287;0.018882778;0.016527804;-0.0024014749;0;
0.669657;0.02469672;0.10384605;0.06463042;-0.024889072;-0.014143686;-0.010940807;-0.02525228;-0.038772944;-0.023949996;0;
0.85222;-0.007857147;-0.100604236;0.100419275;-0.0872523;0.20220684;0.028243072;9.932322E-4;-0.0030241224;-0.0070068;0;
0.8326607;0.05069598;0.011317019;-0.0035758638;0.30222425;0.0016480922;0.03885391;0.033650365;0.020832581;0.04089574;0;
0.79724;0.008286687;-0.022899704;-0.047934216;0.045219656;-0.002436178;0.02764201;0.019975547;0.009127551;-0.0015537988;0;
4.9927926;-0.42719746;-1.430124;0.0012202429;-0.04382333;0.03517356;0.008979181;0.03148464;0.04047408;0.012732657;0;
1.0508133;-0.009766241;-0.16487627;-0.012497449;0.06382426;-0.3456295;-0.009735102;-0.0021518827;-0.0039189085;0.008143218;0;
1.6859227;0.03605348;-0.16859825;-0.0067440006;-0.037752915;-0.022192625;0.004831469;-0.0028497127;0.0057077147;-0.0058978265;0;
1.4470778;-0.020595545;0.182092;-0.09107327;-0.099623844;-0.035153124;0.026003702;-0.042132173;-0.093369186;-3.8350592E-4;0;
0.73091257;0.023255793;0.007845711;-0.0392778;0.058403246;0.052971896;0.028699713;-0.0043602376;0.036314562;0.09398722;0;
0.6640588;0.018255789;-0.010787578;0.054052245;0.05544686;0.039605573;0.016013067;0.03493923;0.0067722187;0.024157075;0;
0.83936334;0.027460638;-0.004617497;0.032640215;0.051837675;0.014157706;0.0052518114;0.002507324;0.01362728;0.005840032;0;
2.1614325;0.031278454;0.5024505;-0.04203147;-0.1503569;-0.28402302;-0.075260326;-0.042596173;-0.020549966;-0.09714363;1;
0.6245499;-0.0100319665;0.10398833;0.01434571;-0.013625956;1.6809646E-4;0.011984363;-0.0069627943;0.01658056;-0.018904625;1;
1.3899177;0.0074777515;-0.290364;-0.005583309;-0.05366141;-0.07639582;0.026637092;0.019063571;-0.001870611;-0.034328785;1;
0.9992751;-8.66162E-4;-0.17885277;-0.01837684;-0.057942946;0.09516189;0.024236174;-0.019419646;-0.0075552077;0.038951714;1;
1.0203623;-0.0054294486;-0.2029524;-0.026072083;-0.041609567;0.09784397;0.013376783;-0.020151323;-6.7668356E-4;0.038211115;1;
1.4736582;0.011053771;-0.3401928;-0.008681135;-0.04352761;-0.06290957;0.028937748;0.0038560797;-0.008485749;-0.01826691;1;
1.013554;-0.00311067;-0.11409317;0.04953591;0.02596746;-0.06423003;-0.038212456;-0.0038390374;0.017874174;0.034480903;1;
0.5561988;-0.008008143;0.11216691;0.02409645;-0.032762587;0.05195763;-0.0138319805;0.0058974857;-0.009052701;0.007987302;1;
1.2704407;0.010224818;-0.14486061;0.059264198;-0.05208987;-0.16400632;-0.02920081;0.015285065;0.026825517;-0.01286196;1;
1.2544047;0.005729148;-0.2224155;-0.0066220327;-0.13009308;-0.029051295;0.07965341;3.390682E-4;-0.037054542;-0.013084508;1;
0.98850274;0.0043966486;-0.101876974;0.043677032;-0.009793368;-0.120671146;-0.023279926;0.017120907;0.021914972;0.0046559;1;
1.4239169;0.008437118;-0.18626799;0.065254666;-0.09398071;-0.1698046;-0.010827671;0.0107387025;0.010277667;-0.039301194;1;
1.36722;0.013245288;0.23662701;-0.059995774;-0.15805611;-0.19678506;-0.09134354;-0.033433467;-0.034764692;-0.056219626;1;
0.9234124;-0.0046477555;-0.11571317;-0.029760586;-0.085350566;0.101330206;0.017838214;-0.007361564;-0.0061769118;0.027477833;1;
0.79285514;-0.00676001;-0.06703302;-0.051574834;0.040784456;0.051996782;-0.037908636;0.0127628045;0.014432655;-0.032309227;1;
0.7907868;-0.009108735;-0.06578311;-0.046057604;0.031521644;0.06698163;-0.04005175;0.0018593358;0.016627703;-0.024282066;1;
0.6335172;-0.011979763;0.080893554;0.025908079;-0.013934839;-0.00544494;0.014153364;-0.0069929995;0.015209849;-0.024091087;1;
0.6113839;-0.012324026;0.08837023;0.024230951;-0.045806393;0.03079156;-0.007199725;-0.0016814193;0.0051334067;-0.008121536;1;
0.63650733;-0.0055949865;0.07401199;0.01929774;-0.0061220014;-0.018991405;0.016465751;-0.005158692;0.015888747;-0.022183882;1;
1.3857818;0.0015601794;-0.20712282;0.089827634;-0.087473944;-0.18269056;-0.002915778;0.022103291;0.031031944;-0.0388862;1;
1.2694936;-0.0011147934;-0.19600338;0.02320285;-0.13692334;-0.07988218;0.049578205;0.022710377;-0.025456673;-0.03629609;1;
0.5010426;-7.906391E-5;-0.017524626;0.025088226;0.04423998;0.0085728;-0.015723122;-0.00612882;-0.0064954427;0.00910859;1;
1.5185162;5.2469084E-4;-0.24533698;0.05073012;-0.08598826;-0.19903691;0.0063443882;0.046055585;0.01866708;-0.06912862;1;
0.697348;-0.00921821;0.013481042;-0.02240151;0.07081343;-0.07368788;0.0060225767;0.010848085;-0.01727579;0.022050085;1;
0.45951974;0.0044297106;0.043076273;-0.0032937732;0.0064039626;0.034375623;0.01774783;0.009960475;0.010232927;0.011212518;1;
0.78631586;-0.034361508;-0.13041398;0.11373607;-0.0046057533;0.048416506;-0.046138197;0.0012731777;-0.0030211182;6.7503034E-4;2;
3.44936;0.093284786;-0.764592;-0.56452024;0.013095236;-0.32703733;-0.2563617;0.12986846;-0.01499791;-0.050742216;2;
1.1640147;-0.0043715117;-0.3254372;-0.012163842;0.025927166;-0.026604617;0.086513914;0.009416848;0.0036887159;-0.0015042536;2;
1.8953966;0.03999117;-0.51455075;-0.15895578;0.050858833;-0.12888339;0.059685472;0.053708017;0.020067153;-0.010555797;2;
4.852965;0.38116157;-0.8834764;-1.067159;-0.089038655;-0.543776;-0.8118635;-0.4597731;-0.6741525;8.802678E-4;2;
3.754277;0.14032422;-0.9442712;-0.5914816;0.022233734;-0.45975652;-0.18421087;0.12948444;-0.0072467574;0.032141294;2;
5.2204256;0.4026225;-1.1347942;-1.178805;-0.05642276;-1.0484334;-2.026596;-0.0041946485;-0.047447734;0.030792933;2;
0.8107149;-0.041779604;-0.14028935;0.117512666;-0.002239496;0.05178107;-0.04673949;0.005332267;-0.0052739778;-4.1342704E-4;2;
1.6790998;0.099798545;-0.37380958;-0.23523885;-4.3218148E-5;-0.12908585;-0.032165725;0.024404602;0.020473951;0.013832826;2;
1.0221058;0.009607737;-0.25950053;-0.011635794;0.015297836;-0.007207497;0.04430174;-0.0049536964;0.009262075;-0.0020659224;2;
3.0358095;0.18346171;-0.6363898;-0.52207786;-0.028447347;-0.30981985;-0.16929021;-0.04234429;-0.029667065;0.0954802;2;
0.9279472;0.0014231484;-0.24154086;0.018467987;0.009849804;0.019905597;0.04718466;-8.387467E-4;0.004380689;0.006050466;2;
0.7657266;-0.041240316;-0.08308793;0.1169668;-0.011607829;0.010120721;-0.04618529;0.012469675;0.0018111942;1.699211E-4;2;
3.0094266;0.08846346;-0.6292859;-0.5054953;0.042300228;-0.26193237;-0.1839532;0.10282765;-0.055376127;-0.05504914;2;
1.4332215;0.104326345;-0.10410312;-0.22624555;-0.04349162;-0.012859128;-0.08507182;-0.04702518;-0.013295528;-0.010285291;2;
0.8008186;-0.020028215;-0.17573754;0.10180995;0.010710105;0.05863527;-0.015612386;-0.019381441;-0.008091386;0.0026286538;2;
1.7640885;0.0942167;-0.43112084;-0.24503995;0.016663795;-0.15236981;-0.031300094;0.04296176;0.026987374;0.023869433;2;
1.7420739;0.030428879;-0.44183022;-0.16102;0.045297597;-0.10883439;0.047905326;0.049130708;-0.0071524344;0.0037460173;2;
1.8522004;0.10829287;-0.40074533;-0.266779;-0.0012073007;-0.15023845;-0.057477448;0.020053778;0.018392507;0.025367068;2;
0.68657315;-0.06294051;0.124716006;-0.033606462;-0.0028009738;-0.02437659;0.03957562;-0.017436659;0.0020487527;-0.0023112204;2;
1.4824681;0.12627104;-0.11831801;-0.23301482;-0.040892966;-0.029235875;-0.08353245;-0.04934222;-0.046589833;-0.008793399;2;
1.5302333;0.03030943;-0.39497212;-0.12728593;0.0431668;-0.08580387;0.052589666;0.04651618;-2.7343235E-4;-0.0019103984;2;
0.43347618;0.03015917;0.033570193;-0.020131312;-0.01602012;0.025893204;0.023268452;-0.0010615862;-0.009936997;-0.0031128929;2;
0.6919553;-0.067257635;0.123343565;-0.03274211;-0.005325884;-0.025690895;0.0378387;-0.01771136;4.2247362E-4;-2.704844E-5;2;
4.0498524;0.29462212;-0.73631585;-0.80853176;-0.09607466;-0.39835957;-0.43274707;-0.2072087;-0.18143477;0.11544466;2;
1.6237277;0.008345241;-0.3948556;-0.06143652;-0.018149808;-0.044714514;-0.023103252;0.012335492;-0.0018385772;-0.00646596;3;
0.45655242;0.0012009575;0.09050949;0.0073410487;-0.0068413187;0.009115826;-4.308756E-4;0.008227302;-3.9302514E-4;-9.593838E-4;3;
0.43897796;0.008413836;0.11303047;0.02069769;-0.026002854;-0.0043892246;-0.011119272;-0.0030065044;-0.0044591376;0.004901248;3;
2.7280977;0.07385155;-0.80232894;-0.056187067;-0.31173366;-0.087137446;-0.015481889;1.9970139E-4;0.044986222;0.041227512;3;
0.5198911;-0.015264845;0.14386664;-0.013577007;-0.053043347;0.013612118;-0.0055112164;0.0030621137;0.0023169278;-0.004300564;3;
3.7881165;0.05635979;-1.1952666;-0.038421366;-0.57375467;-0.034903225;-0.14857282;-0.014617248;0.05301462;0.043980088;3;
3.3867986;0.0044014896;-1.1771262;-0.052819453;-0.37531912;-0.054598626;0.030599767;0.20291741;-0.11066929;0.014574408;3;
3.1372416;0.024834987;-1.0032386;-0.07486892;-0.34701404;-0.09421105;-0.039627742;0.029500825;-0.016876442;0.07603099;3;
3.154879;0.04773792;-1.0980576;-0.10933552;-0.32083967;-0.11277473;-0.041258708;0.19280954;-0.039530616;0.16593212;3;
0.7193483;0.0016273803;-0.07004518;0.009591239;0.054995257;0.018998398;0.004064721;0.0017123356;-0.01101796;-3.763164E-4;3;
2.2449584;0.04103213;-0.67061734;-7.964747E-4;-0.23233718;-0.013043751;0.010543358;-4.945284E-4;0.005497606;0.028787376;3;
2.2608635;0.011924778;-0.728935;0.03804584;-0.20799255;0.04271039;-0.037741676;-0.07138749;-0.02976322;-0.048506748;3;
2.903118;0.035872504;-0.85631615;-0.056265745;-0.2443127;-0.09754774;-0.06391616;-0.022507677;-0.060450677;-0.025885627;3;
2.6124902;0.094033875;-0.8272789;-0.100648895;-0.29193914;-0.108959205;0.071285345;0.13443856;0.013634114;0.050707117;3;
2.3469243;-0.0031588015;-0.7599066;0.035015307;-0.24390353;0.046572194;-0.005793461;-0.08104744;-0.01841119;0.009460316;3;
3.5954945;0.024541719;-1.1233739;-0.047738448;-0.5138582;-0.03160271;-0.16152492;0.038952313;1.02922764E-4;-0.024618106;3;
2.1106067;0.030299263;-0.54291946;-0.09142119;-0.07484364;-0.06095026;-0.016161233;0.0027016453;-0.031656146;-0.016077004;3;
1.4178557;0.001449724;-0.28019163;-0.083094515;0.050786804;-0.033668168;-0.019528002;-0.023250533;0.015329475;-0.003011223;3;
2.5516603;0.028295543;-0.713499;-0.061999932;-0.2052377;-0.05972224;-0.04157816;-0.02162317;-0.0361279;-0.010833303;3;
3.7662709;0.05164411;-1.3490702;-0.102531984;-0.4355404;-0.12799922;-0.03426079;0.32606447;-0.15911207;-0.091715924;3;
0.76522887;-0.019159554;-0.1314982;0.041243788;0.031733986;-0.0020035962;-0.008756188;0.019589204;-7.381768E-5;0.002866232;3;
1.5434952;0.044023227;-0.38706213;-0.072510794;-0.07139131;-0.057493463;0.0055877897;0.05797492;0.02610189;0.01796202;3;
3.6383655;0.056112062;-1.2278777;-0.07499235;-0.4793708;-0.07006141;-0.0030608224;0.022224221;0.12523802;0.08864299;3;
3.4327826;0.071709104;-1.2020679;-0.13301747;-0.38064927;-0.12633903;-0.05214992;0.29130274;0.014367786;0.026932681;3;
0.5710243;0.020200588;-0.10087147;-0.033260543;0.053457733;0.00816261;0.011539228;0.0032031066;-0.008497411;-0.009517478;3;
5.409005;1.9665647;0.26927227;0.046201233;-0.118973866;-0.18242761;-0.2727586;-0.13578843;-0.071441546;-0.010598991;4;
4.7793427;1.5438336;1.0206823;-0.10617013;-0.23841995;-0.31389838;-0.1917442;-0.13877916;-0.010259785;0.010102398;4;
4.785433;0.5120254;-0.61778784;-1.3921789;0.03141371;0.10687768;-3.016982;-0.16737124;0.063677244;-0.006695793;4;
0.3402439;0.10970451;0.061674725;0.012551981;-0.021128122;-0.02917797;-0.006880642;0.013107801;0.019585459;0.008942033;4;
13.35234;1.5966159;-0.022196176;-0.026853614;0.008371292;-0.014258272;-0.018071536;0.002341303;-0.009806411;-0.01506477;4;
6.044998;2.1670837;1.87339;1.3320438;-0.01883559;-3.1480703;-0.01576976;-0.2644791;0.2846526;0.27254614;4;
0.5084437;0.1267485;0.06024923;-5.0551974E-4;6.773938E-5;0.019357082;0.35890147;0.046743058;0.006791274;0.00826802;4;
0.7385358;0.055331267;-0.03070727;0.02416935;-0.0019309801;-0.002526567;0.010502053;-0.0076175327;0.009785793;0.0041349772;4;
2.2942693;0.20157038;-0.5746098;-1.4206548;-0.88556653;1.0223737;2.3841462;0.29243985;-0.20037408;-0.5188106;4;
5.13997;0.2823779;-0.7024575;-0.980214;0.3264857;-0.059024807;-0.40168136;-0.05821603;-0.043480046;-0.16589233;4;
0.37577772;0.048667904;0.032234453;0.0042990926;-0.00709368;0.019544743;0.014933468;0.0055784974;-0.006984598;0.013646791;4;
22.99462;7.375592;-0.005860032;-4.9836287;-3.374419;0.14240755;0.002216535;-0.2885132;-0.11023339;0.15042157;4;
9.08722;3.0140429;1.3177658;-0.2845627;-0.70796955;-0.60272586;-0.28767365;-0.043172974;-0.013853521;-0.19567777;4;
4.612836;0.6863701;-0.42693356;-1.9091494;-1.8279839;-0.19262339;0.6909114;-0.29889503;-0.0071450085;-0.051074162;4;
0.8376939;0.048712857;-0.026374005;0.010420231;0.002368381;-0.00609557;0.010533128;-0.007342756;0.010065254;-2.1633308E-5;4;
6.737266;0.82049644;-0.49912637;-0.5829857;-0.082482494;-0.3553417;-0.40873617;-0.13347964;-0.019069023;-0.027244318;4;
3.7196696;0.41226006;-0.09345434;-0.19128156;0.022490473;-0.053026956;-0.06128063;0.007250177;-0.008025345;-0.056997694;4;
3.267461;0.5633615;-2.0677495;-1.8988377;1.0761629;-4.732317;-0.11190046;0.09214681;-0.79950285;-0.6526725;4;
9.840896;3.049438;0.6415741;-0.040664487;-2.2259634;-1.7556789;-0.2960691;0.20122853;0.17398569;0.19219254;4;
1.1924677;-0.2900237;0.25853685;-0.19376269;0.08433017;0.06786279;-0.0896381;0.07128839;-0.013026915;-0.05443882;4;
7.519164;2.3380172;1.6537129;-0.7676845;-2.720908;-1.5913668;-0.9032745;-0.082035735;0.018178245;-0.43069136;4;
8.000205;2.9685864;0.2020947;-0.040904805;-0.21602654;-0.1649755;-0.15642542;-0.032264832;-0.002983912;-0.013029653;4;
23.566513;0.69796115;-0.09923151;-0.56990314;-0.22115965;0.13937545;-0.08625973;-0.33547503;-0.057705447;0.082368635;4;
3.7815604;0.8320151;0.15718897;-1.2475336;-1.755083;-0.58216536;-0.1059337;0.16168605;0.083715685;0.13763261;4;
47.164787;0.09953949;3.5818162;-1.490064;-2.7446265;-0.09288021;0.033231046;0.07813766;0.018279662;-0.047719795;4;
1.3398991;-0.17518808;0.100683644;0.035698723;0.035591662;0.019814117;0.007053926;0.0019369001;-0.0085977875;-0.0070263436;5;
0.9396116;0.007852736;-0.05840839;0.004078731;0.026499502;-0.006608492;-0.019138297;0.009486744;0.015055666;-0.0120467935;5;
1.0582443;-0.055960488;-0.053232547;-0.009114186;0.00691849;0.018052798;0.011891095;-0.014661241;-0.02181283;0.0037129545;5;
0.7281261;0.06983893;0.023319388;-5.1156135E-4;-0.014241389;0.012269766;-0.019345395;0.012494894;-0.0066446783;-0.0015665996;5;
0.7160505;0.09137837;0.053091686;-0.012933842;0.026403077;-0.013499382;0.017669532;-0.012138715;0.01247766;-0.009119791;5;
1.0585217;-0.04474993;-0.06771161;-0.009770791;0.021182163;0.019469038;-0.0034026704;-0.022305876;-0.008261718;0.01899632;5;
0.93449426;0.013875315;-0.06017443;0.0040136357;0.026271319;-0.009941035;-0.015909774;0.014308118;0.009902881;-0.015738877;5;
0.65653384;0.08131613;0.048468664;-0.012677393;0.022739526;-0.012041086;0.01438135;-0.0089348275;0.008135421;-0.0046265116;5;
0.71257406;0.08288594;0.06745199;-0.028954554;0.036628738;-0.022308545;0.023179248;-0.014432574;0.01455444;-0.0064862557;5;
1.233267;-0.15320791;0.06620422;0.019526009;0.011420065;-0.0064715585;-0.020882552;-0.013762203;-0.006719102;0.0029219051;5;
0.5316076;-0.06561224;0.05940985;0.017150776;0.019552374;0.012783775;0.0028994945;-0.001970212;-0.0074260603;-0.006413051;5;
1.0693296;-0.1355028;0.093208484;0.031393323;0.03809421;0.013820708;0.0084248455;-0.0016544547;-0.003900769;-0.003799325;5;
1.2288643;-0.11664421;-1.1927694E-4;-0.029089099;-0.06767879;-0.033260215;-0.005220152;0.013214954;0.02481096;0.010630929;5;
1.2571117;-0.131183;0.020834632;-0.030548096;-0.070408426;-0.04098624;-0.019788468;0.0137033835;0.027758619;0.016695673;5;
0.6394238;0.080200024;0.08217593;-0.031005524;0.03907887;-0.017677562;0.017605646;-0.0048192064;0.0016695958;0.0051792213;5;
1.1961237;-0.13589847;0.04552838;-0.009640443;-0.038725182;-0.033299007;-0.042355195;-0.018467875;-0.0028155234;0.010166313;5;
0.6978274;0.09228633;0.06217654;-0.024695264;0.030787077;-0.018766245;0.022861628;-0.012953035;0.013037464;-0.0059782625;5;
0.95523787;-0.11595397;0.085656516;0.041180108;0.017374871;0.0016775366;-0.013787067;-0.015153126;-0.017002482;-0.004604634;5;
0.69355243;0.08698126;0.05477608;-0.018734956;0.030366642;-0.016255688;0.020720255;-0.014869946;0.016050292;-0.009946709;5;
0.7378213;0.07330323;0.016074486;0.006921537;-0.025317429;0.018632032;-0.018610477;0.0030940613;0.008452061;-0.01328715;5;
0.7021932;0.0868882;0.05408419;-0.016424479;0.028783532;-0.014807862;0.018873164;-0.012306354;0.013991827;-0.008725825;5;
0.83057946;0.047657166;-0.030314673;0.016633827;-0.015963832;-0.009441965;0.025409795;-0.009859945;-0.010724767;0.017070223;5;
1.2563559;-0.14454517;0.049199518;-0.008342516;-0.04993649;-0.041288517;-0.042932913;-0.015834048;-1.807299E-4;0.008410561;5;
0.7122639;0.08158947;0.068456665;-0.028236978;0.037121397;-0.023072176;0.024153002;-0.015460624;0.012952524;-0.006017087;5;
1.2642276;-0.15265974;0.09168251;0.025575016;0.0069636363;-0.009654845;-0.030109484;-0.025940536;-0.029352682;-0.017306326;5;
1.298647;-0.09088396;-0.017981093;-0.12705532;-0.03854605;0.022573086;0.034782555;-0.0147574525;-0.045883637;-0.041862603;6;
1.731108;-0.016445033;0.020190448;-0.14138566;-0.060674854;-0.053226512;-0.13730243;-0.04665515;-0.02446199;-0.059573784;6;
1.027392;-0.12589172;0.054122966;0.060360614;0.0021791349;0.0020123126;-0.0054927054;-0.0062741814;-0.01763007;-0.009454842;6;
1.1454984;-0.07903427;0.015043936;-0.06712604;-0.06737213;0.006219043;0.08586893;0.057695128;0.011921019;-0.03799235;6;
0.6138786;0.035292506;0.010275484;0.029333107;-0.036581226;-0.012969589;0.042831883;-0.011453959;-0.013955076;0.017141828;6;
0.9243503;-0.056287784;0.04587851;-0.012825856;-0.048123915;0.004716004;0.04566042;0.014878609;-0.025175057;-0.03765838;6;
0.9287312;0.048739035;0.10304698;-0.09559761;0.01991725;0.03252063;-0.06333061;0.0404328;-0.022473877;0.008234533;6;
1.182303;-0.106798686;0.013327129;-0.0687167;-0.030784953;-0.03214397;0.010057753;0.008602597;0.021702493;0.00310696;6;
1.3474205;-0.050292443;-0.18702918;-0.05460222;0.07550008;-0.07846852;-0.014921384;0.045124598;-0.027640946;-6.7238277E-4;6;
0.6291567;0.010885285;-0.035670716;0.04361886;0.014963006;0.041792654;-0.06636044;0.009745118;-0.016292362;0.024174295;6;
1.6794176;-0.11120013;-0.10633532;-0.2621059;-0.032727562;0.08328276;-0.0047095465;-0.07089379;-0.021316584;0.051604368;6;
0.89414287;0.07929704;0.071326934;-0.10950597;0.02982184;-0.002434676;-0.03354804;0.028308801;-0.023938188;0.024789726;6;
1.952818;-0.008322839;-0.12174341;-0.22223303;-0.07160442;-0.18231943;-0.12745227;0.03493681;-0.019346546;-0.023390435;6;
0.9026078;0.0780962;0.05402958;-0.10767893;0.0316587;-0.018687557;-0.012640494;0.006873501;-0.0072624916;0.0038062185;6;
1.0701679;0.04454175;0.11904371;-0.094350524;-0.006144306;0.064804986;-0.06954899;0.025086159;0.011502496;-0.028434532;6;
0.719715;-0.03951778;0.051950622;0.025999848;-0.027122842;-0.031471163;0.001848605;0.027859166;0.009986789;-0.016071122;6;
0.61732996;0.05753103;0.01790826;0.007297616;-0.01411218;0.016067503;2.003296E-4;-0.0036258898;0.0027650155;-0.002070322;6;
1.0570426;0.046237994;0.118764475;-0.10046957;0.0032032735;0.05568161;-0.075572886;0.030881034;0.0037528637;-0.02222798;6;
1.2026854;-0.060565643;-0.08145674;-0.09548125;-6.154775E-4;0.037084706;-0.007458244;-0.01617185;-0.016397107;-0.007989451;6;
1.4964341;-0.1030248;-0.06969155;-0.20934281;-0.019839186;0.052949023;-0.0052253404;-0.058226753;-0.049940556;0.020309838;6;
0.6391112;0.023694556;0.08122057;-0.070930466;0.03507188;-0.026213268;0.03145885;-0.011180882;-0.0013224197;0.009702624;6;
1.5847644;-0.010054736;-0.09394055;-0.2121924;-0.08483196;-0.076883495;-0.029143343;0.061213717;0.049258757;0.034097712;6;
0.6228341;0.07752682;0.05795542;-0.044537786;0.015217264;-0.013889471;0.004681605;-0.0062151183;0.0076408624;-0.0046115518;6;
1.6519634;-0.12381327;-0.079632506;-0.26615226;-0.058258552;0.073323295;0.042937864;-0.03503217;-0.067302786;-0.0029458916;6;
1.433729;-0.09687558;-0.02806219;-0.16471024;-0.042258788;0.009265949;0.009217534;-0.0041748793;-0.017284751;-0.01808276;6;
0.651535;-0.00947896;0.032420598;0.015834702;0.0046667582;0.022011789;-0.024157174;0.0041781557;0.0051334333;0.00330728;7;
0.53823066;-0.0017380886;0.09954762;0.0240297;-0.0025924223;0.0044945464;-0.0018445625;-0.011121664;-0.004646775;0.0050559;7;
1.2376858;0.014779655;-0.27834234;0.0043847794;-0.0065448503;-0.012685729;-0.07322467;0.009582433;0.03195361;-0.0052355593;7;
0.81750035;-0.013222679;-0.119214445;0.067215644;0.014073002;-0.022059482;0.026038744;0.018676234;-0.030315032;-0.0021110545;7;
0.6207874;-0.016981471;0.06088415;0.007271188;-0.0027128793;0.021540672;-0.028518736;0.025753632;-0.003597342;0.0029729481;7;
0.6032346;-0.021156507;0.131992;-0.046231262;0.0018129097;-0.019690147;0.029822847;-0.02804288;0.017708533;-0.0016372465;7;
0.5988565;-0.004650659;0.06466775;0.0035848273;0.0057708644;0.019985963;-0.030864153;0.022813864;-0.006416515;9.585566E-4;7;
0.6135287;-0.0014629492;0.1008178;0.018127142;-0.004848445;-0.0067498013;-0.019541906;-0.02065342;-0.009278111;0.0055251434;7;
1.201763;0.0017035601;-0.26727527;0.02823114;0.0100782635;-0.028631283;-0.05519805;0.04093708;0.024078598;-0.0012784238;7;
1.4654541;0.0012512029;-0.24722946;-0.10678058;-0.009688805;0.05062127;0.035667777;-0.044820983;-0.044161797;0.006972897;7;
0.9286772;-0.006956948;-0.16185726;0.05759761;0.013065446;-0.032076854;0.017071454;0.03149834;-0.013332522;-7.0692477E-4;7;
0.7722363;-0.002016069;-0.07795409;0.05089193;0.007197015;-0.0120358635;0.032534454;-0.012169614;-0.012426561;-0.0033953656;7;
0.81899226;0.0014467012;-0.10194601;0.05681025;-2.714869E-4;-0.023779914;0.034694243;7.284726E-4;-0.012008232;-0.0038632362;7;
0.7603702;0.0017966313;-0.054023847;-0.05432859;-0.007185886;-7.4944866E-5;0.027832596;0.031995904;0.006316379;0.0029535564;7;
1.3593594;0.0026267949;-0.226627;-0.10221304;-0.021778429;0.044155605;0.050949562;-0.02365001;-0.0427077;-0.004532007;7;
0.98310727;-0.009807983;-0.18813705;0.05735354;-0.0152603155;-0.035171237;0.009917766;0.044980124;-0.01960942;0.011945236;7;
0.62319213;-0.0011176683;0.08141116;7.033032E-4;0.008421203;0.022088043;-0.033699024;0.02140998;-0.006979675;-0.006226293;7;
0.8750426;-0.0068371394;-0.14912443;0.061438885;-0.006521579;-0.031951625;0.028775506;0.030880546;-0.026324574;2.73257E-5;7;
0.7386708;-0.009819197;-0.05032597;0.056227025;0.0020279253;3.951831E-4;0.02840709;-0.030255398;0.0024375734;1.8202798E-5;7;
0.7690626;0.011528784;-0.06783725;-0.057816707;0.0013782892;0.008859775;0.035365947;0.033826973;3.3411293E-4;0.0051064314;7;
1.2518799;0.012704587;-0.29433244;0.009505125;-0.005083543;-0.014260943;-0.08096689;0.018503595;0.031987466;6.1281363E-4;7;
1.3610109;0.026598578;-0.22965144;-0.0953158;-0.019441199;0.058716994;0.05146056;-0.025103658;-0.030660214;-0.011575529;7;
1.5101482;0.012969805;-0.33115062;-0.055432398;-0.013575458;0.05590957;-0.023703057;-0.08468989;-0.0057421024;-0.008343054;7;
0.60013944;-0.009057668;0.08087294;-0.005187044;0.0044413162;0.016524006;-0.02849245;0.02678492;-0.009574692;-0.0018169277;7;
1.3439875;0.0056525473;-0.29288316;-0.035199136;0.005057493;0.022331418;-0.061928075;-0.05548617;0.042510755;0.017934227;7;
1.5371956;-0.5076707;0.0817597;-0.18536226;-0.036235493;0.13383968;0.12135823;-0.04432434;0.09057873;-0.025643654;8;
0.039480947;0.7902104;0.6776482;1.4425837;2.2606297;1.0517396;1.4054914;1.3516647;2.6504118;0.89668125;8;
1.194994;0.28571165;-0.5856153;-0.38727355;0.25582904;0.48207346;0.026291003;-0.04302141;-0.016450025;0.9743009;8;
3.378748;3.4771814;0.023152241;-0.15267204;-1.6171613;-2.3900428;-1.8753258;-1.226977;-2.6220496;-0.4393693;8;
0.101862215;1.9680817;1.3700454;1.14621;2.3329594;5.4095874;2.6531987;5.5056067;2.6531985;1.8031956;8;
3.0828836;1.9823097;0.019889032;0.61595017;0.25075588;-0.33327597;-0.30024177;-0.73935896;-0.76391006;-0.69165564;8;
2.988179;2.8059905;0.019735288;-1.4488672;-2.1392975;-1.7281458;-3.2080224;-0.58934814;0.45388344;0.78876185;8;
1.4765593;0.7038965;0.17157808;-2.4891696;-0.031669438;-0.8404855;0.39734;2.609582;2.1866167;0.8113094;8;
2.4563189;1.7955674;0.65460896;-3.3465955;-0.025548037;-2.928925;-1.7418406;0.610435;1.2486321;2.6152647;8;
1.9370676;0.7398804;0.3681185;0.1574112;-0.10937326;-0.29091388;-0.54653573;-0.5379803;-0.40446725;-0.4235709;8;
1.2656102;-0.41787165;-0.053069655;0.8728136;-0.46967366;0.27092457;0.093491234;-0.27322283;0.6716926;-0.15854432;8;
1.9870158;1.1534526;1.9548987;-6.369464E-4;-0.9842391;-2.4536285;-1.4666108;-1.9053744;-0.74719536;-0.06524405;8;
2.3489559;0.019129528;0.44630063;0.5990052;0.38071138;0.51396066;0.24875611;0.21671982;0.23340271;0.078738585;8;
1.3039525;-0.24619043;-0.32039893;0.55546033;-0.07283589;-0.67114687;0.37441018;0.11253385;-0.90640354;0.31441987;8;
0.050772242;1.5074937;1.9273896;2.6973493;2.1816502;4.1778145;2.7632818;3.0859993;6.042844;4.3383946;8;
2.2839968;1.5854598;0.5210172;-3.074279;-0.025576286;-1.8052121;-1.3865216;0.430119;3.4871707;2.917131;8;
5.892145;8.115969;0.02102908;0.5768808;-2.7224834;-2.1325932;-2.0638523;-4.0954638;-1.875059;-0.3816595;8;
1.5841362;-0.502792;-0.10325254;0.87913054;-0.58446616;0.36276242;0.181213;-0.7506425;0.9267674;-0.21513787;8;
1.1351964;0.53552324;0.40383527;0.19812386;-0.19586882;-1.4766006;-0.009219474;-0.35726127;-0.39434466;-0.22544222;8;
1.5963902;0.9189058;0.08397138;-2.2468238;-0.028789261;-0.87394863;-0.25473386;0.8130237;2.4629917;1.4316298;8;
0.60498726;0.074379645;0.052361492;0.013801472;0.01056996;0.07454571;-0.08413771;0.04415956;0.051343184;0.09645215;8;
2.4697154;1.2769376;0.013954902;0.88091326;0.18872994;0.10530869;-0.0050140284;-0.49278995;-1.1642066;-0.24705341;8;
2.1947267;1.5305101;0.22397122;-3.5910313;-0.027497511;-1.1808788;-1.142976;0.5608288;1.5891979;1.289428;8;
0.03907344;4.3886895;1.137103;1.1714724;1.9596597;2.9708426;5.734206;1.3544264;1.8699347;1.2963803;8;
2.9488852;2.2908497;0.01598131;0.8126289;0.360869;-0.15431145;-0.6104684;-1.9392446;-0.83608586;-1.2738593;8;
0.6991043;0.025306186;0.0055490057;-0.01381318;-0.005183477;-0.0061619333;-0.004563428;9.530153E-4;-0.0027598;0.011809645;9;
0.61638826;0.006354493;0.0033905997;-0.0014480234;0.022217423;0.015354364;-0.010742293;0.010399003;-0.04134461;0.005356077;9;
0.6311808;0.019123647;-0.007210132;-0.017813606;-0.0106840655;0.01457261;0.057412997;-0.008870722;0.025611378;0.015813472;9;
0.5926877;-0.0016909958;-0.0013856065;0.011806922;0.0020610802;0.0079441;1.3181716E-4;-0.002761767;9.3713496E-4;0.05350713;9;
0.6628623;0.010266204;-0.008893956;-0.0024785183;-0.008228987;6.0716615E-4;-0.0029709386;0.0063107316;-0.0027365247;0.005198577;9;
0.7557355;0.03324007;-0.0068329717;-0.00829531;-0.007867509;-0.0025861103;-4.5746574E-4;0.002778319;-0.010559378;0.030177591;9;
0.6152684;0.010958441;0.006058366;-0.014763909;-9.311959E-4;-0.005212786;-0.01397707;2.480349E-4;-0.0012205617;0.0019575574;9;
0.8071971;-0.02330761;-0.004108102;0.023825418;0.0062747;0.023613457;-0.008936879;0.0015895327;0.0053024795;0.02483209;9;
0.6528759;0.015917405;-0.0016405178;-4.5840157E-4;-0.001889346;0.0032247636;6.202658E-5;0.0013525868;8.8386674E-4;5.8978685E-4;9;
1.5325103;-0.03448148;-0.04430938;-0.026804132;-0.038821533;0.035614487;0.03563485;0.031552084;-0.051527966;0.0021942826;9;
0.6009251;0.037642274;-0.013891655;0.011881239;-0.04610213;0.022352451;-0.0037961295;-0.01866123;-0.040879607;0.0196515;9;
0.69477504;0.010491325;-0.01944017;0.013310553;0.006332373;0.030382467;0.006471114;0.0056127054;-0.018134162;0.040878642;9;
0.68387145;-5.2363535E-5;0.009465986;0.002754373;0.0073715397;-0.0013061735;-0.0029779328;6.5468124E-4;-0.008724785;-2.0934966E-4;9;
0.7132997;0.0071663805;-0.014401535;0.012376963;9.6668705E-4;0.0023527702;0.005629626;0.0011153993;0.020501817;-0.0013347967;9;
0.6265698;-0.03302921;-0.023001196;-0.00494023;0.004171694;0.015661087;0.009738322;-0.012255313;0.008815441;0.027949931;9;
0.65827805;0.017778631;-0.011997544;0.0075815073;-0.0023605255;0.0030018424;0.0028239803;0.0043005575;0.005973721;0.001125696;9;
0.75339526;0.023816561;-0.022222044;-0.0054900614;0.010059258;0.01668602;-0.0072764186;0.009364337;-0.02840065;0.017022105;9;
0.6675519;-0.0022967642;-0.0077419197;0.002252913;0.014723173;0.0022258381;-1.6360948E-4;-0.014751215;0.013250346;0.0145301595;9;
0.62210846;-0.02959669;-0.043207217;0.009523488;-0.0047477777;0.013731245;0.00967427;-0.012526022;-0.0046844664;-0.0018512849;9;
0.859335;0.0014845403;-0.012319984;-0.0019655682;-0.018048976;0.0028564525;9.1212563E-4;-0.0017825946;0.009476814;-0.009416983;9;
0.8142014;-0.026206708;-0.022484498;-0.01462073;-0.09693778;-0.0011923386;0.044357747;-0.019455342;0.038393266;-0.03686571;9;
0.61595994;0.011340442;-0.01552557;0.009376091;-0.007899745;0.008602648;-0.008206154;-0.023928635;0.004708316;-0.027772393;9;
0.55453825;0.027775304;-0.014357027;-0.018447867;0.023858404;0.0033292014;-6.937617E-5;0.012572625;0.012356216;-0.041060887;9;
0.8993441;-0.038421642;-0.06727266;0.014071224;0.006024306;-0.0035976404;0.0026594407;0.02461617;0.005472756;-0.017146774;9;
0.61758184;-7.4442674E-4;-0.010094691;0.004052982;-0.01316367;0.0041516246;-0.0044462257;-0.032898735;0.024945045;-0.011912295;9;
