250;16;10;
9.424573;-0.03035923;0.95150894;0.28208914;0.14935595;-0.021000851;-0.2195359;0.02151598;0.31089267;-0.17043981;-0.0538994;-0.068199;0.01921316;-0.3108009;-0.15752424;-0.09664323;0;
8.386822;-0.19963668;0.45147118;0.048070367;-0.10589982;0.27295128;-0.38710198;-0.292479;-0.3379578;-0.4584255;0.34686828;-0.025058368;0.17913394;0.050882593;-0.25971654;0.06386326;0;
7.200488;-0.3101929;0.32194573;0.13677841;0.22091079;-0.1772054;-0.14432636;0.2941249;-0.15948953;0.0054250583;-0.14424495;0.050711874;-0.1540756;0.09920172;-0.08719653;0.0504741;0;
8.018534;0.123600625;-1.2070038;-0.13421702;0.106664024;0.07703874;-0.45896253;-0.024744669;0.14752515;0.24063167;-0.24806964;-0.2671968;0.09903264;0.2806156;-0.18748675;-0.14638795;0;
6.8511705;-0.035209637;-0.64184314;-0.36133704;-0.08533928;-0.18338124;0.08801285;0.14216612;-0.15749377;-0.057341356;-0.035730466;0.15503393;0.113931365;-0.11795932;-0.054036003;-0.08846508;0;
7.78907;-0.2928575;-0.6582317;-0.27529776;-0.18291873;-0.15610504;-0.27165833;0.22661562;-0.051480785;0.18388304;0.219156;-0.1814926;0.019866163;0.1362267;-0.06823218;-0.050739985;0;
8.295453;-0.5042943;0.535172;-0.06698333;-0.32591522;0.3955424;-0.47520384;0.27300546;0.06229873;-0.0312069;0.36134672;-0.25052062;0.31565592;-0.30915347;0.16355994;0.026712416;0;
6.6562448;-0.054686517;0.40341958;-0.040094223;-0.27601013;-0.010063352;0.1868907;-0.0034329826;0.3207972;-0.10362099;0.04843014;-0.024223885;0.060087007;-0.03742646;0.0621806;0.046040427;0;
8.8054085;1.0280893;-2.2971654;-1.6356355;0.5175362;1.5813934;0.20244049;-1.260366;-0.6387631;0.61308277;0.57692105;-0.28965166;-0.585804;-0.025074458;0.43293834;0.06915865;0;
20.595636;2.914798;-1.9632354;-5.424719;-3.9799225;-1.4329321;0.23346634;0.75988334;-0.24358378;1.5168924;1.4793857;0.12277724;-0.31183836;0.24935517;-0.703541;0.22897676;0;
11.892807;-0.9438259;-2.468748;2.7960303;-0.4658421;-1.1110077;1.1671827;0.1671943;-0.6727008;-0.20000575;0.17675135;0.53307533;-0.38074479;-0.45852846;1.1707739;-0.2593071;0;
7.426279;-0.2902385;-0.47397736;-0.48775318;0.41291356;0.22131579;0.06685165;-0.275671;-0.09632801;-0.0046556587;-0.033441033;-0.17113908;-0.15506656;-0.10979779;0.30573925;0.057446595;0;
17.653372;1.4053602;-4.88394;-2.0229778;2.438716;1.0977836;-1.8291365;-1.7017528;0.15991074;0.4247686;-0.33705375;0.026656482;0.53009963;0.099769585;-0.067153364;-0.18313038;0;
8.502044;-1.0594532;-1.8459136;0.26577872;0.87372506;-0.5527877;-0.91335285;0.7987835;0.74952763;-0.62431514;-0.715213;0.64553016;0.5241784;-0.72668874;-0.09974175;0.73874474;0;
11.478463;0.9522638;2.4773695;1.4092289;-0.24205919;-0.9637133;-1.16059;-1.2427136;-0.8476048;-0.4895131;0.12735495;0.48299703;0.5455348;0.5184843;0.28276432;0.16802135;0;
8.426427;0.049809787;-2.1427982;-0.2790076;0.9964309;0.9047406;-0.82085687;-0.9144387;0.3872096;0.4408028;-0.031465583;-0.23744601;-0.37009624;0.16519792;0.55793446;0.0129644545;0;
6.549159;0.06872942;-0.62610734;-0.5104359;0.04576537;0.2846789;-0.1523749;0.05409266;-0.16757339;0.03295758;0.033631213;-0.09463105;0.04663141;0.03141947;-0.036197785;0.10130094;0;
12.346546;0.8217671;-0.03768843;-2.0210674;-1.6589967;-1.5073932;-0.6293566;0.37642217;1.4557661;1.1575124;0.6532422;0.017570317;-0.39519066;-0.40331644;-0.20403925;-0.022665551;0;
8.1114435;-0.6519395;-0.92208284;0.14943053;-0.28603342;-0.4085742;-0.22331856;0.4331444;0.066302836;-0.1853756;0.15872572;0.11116455;-0.26428035;-0.11174019;0.013518567;0.23561433;0;
7.5057154;0.14438605;-0.7810996;0.3083189;0.17389005;-0.12408247;-0.024689289;-0.0032289496;-0.09580941;-0.0071202517;0.18070358;0.030501554;0.006333902;0.27238148;0.096546605;-0.011998067;0;
7.0074983;0.02918023;-0.8005518;0.09072819;-0.35286584;0.040181708;0.056656722;-0.079310246;0.08666704;-0.08689421;-0.13540289;0.061724458;-0.14886934;-0.1029631;0.18134548;0.03934233;0;
7.4084888;0.06276375;0.8220552;-0.2624564;0.041150827;0.01215474;-0.05632507;-0.034163635;-0.16421725;0.18116;0.022949228;-0.025682043;0.14500254;0.14569013;0.15180121;-0.16722721;0;
8.283857;0.13566136;0.34593427;-0.49512845;0.23163722;-0.30163;-0.1173731;-0.22797537;0.14165322;0.21888241;0.05144233;0.09382081;0.17396647;-0.008951142;-0.49338847;-0.109741256;0;
6.75259;-0.1666476;-0.17461233;0.46706092;0.15944497;-0.053874012;0.054540716;0.10324734;-0.20639317;-0.022041515;-0.18174435;-0.02669467;-0.0114407735;-0.065555416;0.10811559;0.21906272;0;
8.749841;0.028233867;0.39676678;-0.10232746;0.31175137;0.22134784;-0.17650193;0.14630961;0.07664446;0.17955247;-0.21128497;-0.114332005;0.13692562;-0.07602268;0.04063129;-0.15557499;0;
16.713247;0.0070566195;2.2156837;-1.2355185;-0.9234369;-0.9433818;0.29090667;0.5166726;0.015855309;-0.97216874;-0.78871524;-0.82640266;-0.597235;-0.23343472;0.22124775;0.22948442;1;
18.86743;-0.19410898;1.9081361;0.26256433;0.10977137;-0.4839073;0.09762878;0.5149309;-0.23717396;-0.45367336;0.17802301;0.20152217;-0.31796274;0.66915375;-0.13751908;-0.3071623;1;
22.43732;0.6069792;-2.5720127;0.68019444;-0.5029686;-2.6696596;0.1275414;0.95302314;-0.22412026;0.3004776;0.5423366;-0.13488293;-0.5237388;0.20831364;0.3013475;0.38280827;1;
21.651402;0.5487778;-1.8778595;-1.058277;-2.0341113;0.78949314;0.7489595;-0.15682347;0.27766633;0.64510286;0.5657466;-0.27342612;-0.06830486;0.45263746;-0.02062907;0.009887267;1;
19.542578;0.2556121;-2.8473654;-0.6780246;-0.9231919;0.23501097;-0.06059033;0.3640746;0.073164344;0.33435395;0.81640846;-0.70471185;-0.19702473;0.9143747;-0.2483971;0.14932437;1;
19.445383;0.100039534;-2.6646411;0.36493668;-1.3170931;-1.3597127;0.8748212;0.23930265;0.44747773;0.11334984;-0.33288416;0.37618786;0.30143183;-0.5279785;-0.18661988;0.6824601;1;
22.588558;0.01735955;-1.7103729;2.3999844;0.2168135;-1.8986163;-1.4721816;0.1445843;0.025406417;0.14223817;0.06206087;0.40193093;-0.24413468;-0.04716112;0.15946479;0.2686717;1;
21.897392;-0.745078;2.3639793;1.4890362;-0.13499328;-0.28384012;0.9577467;-0.17552279;0.12899768;0.31079742;0.013836681;-0.07756245;-0.53306365;0.3232349;0.085330546;-0.2761657;1;
21.664312;0.63265723;-1.7726923;1.5355113;0.07655822;-2.286292;-1.3153443;-0.124398105;-0.7946647;0.010529778;0.15574412;-0.2808297;0.29051223;-0.22793284;0.080971025;-0.05753904;1;
17.621925;0.62908125;-1.8859946;0.3680227;-1.3702419;-1.9309796;1.053363;0.26515722;-0.0671093;0.062063705;0.105269335;0.14606787;0.077258505;0.25144604;0.17741168;-0.10563269;1;
25.582335;0.26294056;-1.2310774;1.5544069;0.18963525;-1.5189203;-0.5274966;-0.06017694;-0.27244964;0.43987846;-0.49556202;0.23935515;0.51231813;-0.064921215;0.18082672;-0.30768564;1;
20.937996;0.19065751;-1.8838799;1.3607149;0.16148935;-2.0611646;-1.3852515;-0.119545884;-0.4811391;0.10724309;0.4074988;-0.029722493;0.21041876;0.095740825;0.23269874;0.13138658;1;
20.704683;0.46534243;2.470052;-1.9652439;-2.2306733;-2.2458742;-1.5670213;0.079885185;0.6667724;0.14567076;0.2081124;-0.11037562;-0.32523483;-0.18200299;-0.02577148;0.14984757;1;
17.419048;0.45783347;-1.783788;-0.64117545;-1.5770907;0.1555278;1.2662417;-0.47228566;0.34729835;0.16410394;-0.056359924;0.025692174;-0.060079724;-0.016991522;0.077454425;0.19333734;1;
17.26111;0.053904757;-1.8727839;-1.3386725;-1.0697781;1.8072902;-0.1717002;-0.06499132;-0.04503689;-0.1365185;-0.022035599;0.3654003;-0.07424137;-0.2594334;-0.23067528;-0.012534778;1;
21.676025;-0.49632293;-2.3283186;-1.4578607;-0.716953;2.3205466;-0.5756145;-0.5580092;-0.19220394;-0.09419334;0.06735774;0.003840834;-0.060609307;0.29471615;0.29858768;0.040352188;1;
16.527191;-0.53578407;1.8036948;0.5285994;0.38863012;-0.9736009;1.0057408;-0.051946316;-0.5343001;0.13642187;0.13403001;0.099278435;-0.15022457;0.30260116;-0.5785378;-0.03190862;1;
18.98281;-1.1709906;1.9711914;0.71794677;-1.6102233;1.2443546;-0.28573868;-0.28472754;-0.086626746;0.13891378;-0.022501003;0.00427695;0.025169123;-0.101334594;-0.08645822;-0.14322914;1;
23.787754;-1.3064394;1.8819865;-0.34785303;1.3945053;-1.8487502;1.8569129;-0.44382748;-0.658694;0.36474982;0.0028226373;0.47134244;-0.24314484;0.14619404;0.004557422;-0.23091923;1;
18.119278;-0.19681367;-1.6325055;2.0473964;-0.0685313;-2.1356802;-1.1840408;-0.40897384;-0.5922618;0.20979176;-0.052833583;0.12687337;0.03381054;0.010034009;-0.02755722;0.047976166;1;
20.799911;0.44702378;-2.06718;0.63800055;-1.370565;-2.1599987;0.84955555;-0.23327513;0.050450414;0.018826645;0.044861034;0.119081445;0.2029598;-0.16670023;0.22932354;-0.15796363;1;
23.33642;0.899021;-0.9091212;1.4638276;1.2097642;-1.1584294;-1.5378821;-0.04603251;0.20082219;-0.68123823;-0.27867413;-0.09937984;-0.08128035;0.18821023;0.11393372;0.14734884;1;
19.093988;-0.3418419;-1.5998244;1.736391;-0.7683217;-2.2839186;-0.87728083;-0.6073964;-0.19452699;0.52668077;-0.318631;-0.069325134;0.23689784;0.36007836;-0.09746007;0.12869169;1;
19.12453;-0.5032569;0.22626592;-2.279049;1.9019889;-0.70090175;-0.8825733;-0.10240582;0.63098216;-0.04473709;0.12020893;-0.1461676;-0.12991457;0.027371323;-0.27607194;-0.284873;1;
16.988842;0.2588605;0.32507858;1.405388;1.7842119;1.4735988;-0.28317595;0.17416665;-0.2799626;-0.66776735;-0.31206104;0.199106;0.26253757;-0.063010424;0.120722584;-0.20496799;1;
25.91045;-2.178132;-4.182088;3.8650045;-0.7392697;0.91008353;-1.7507623;0.4253052;0.4123175;-0.03492134;0.12256904;0.20375285;0.17771393;0.23189124;-0.02468915;0.48793855;2;
26.691004;0.54808986;-4.3305836;-1.6985239;0.024578227;-2.9577656;0.028893141;-1.3117034;-0.81710505;-0.17428678;0.11414015;0.22685546;0.54836994;0.0012416381;-0.360409;-0.44237036;2;
22.877302;0.51480716;-4.4404893;-0.8894417;-1.2701943;-1.5705003;-0.20676352;-0.11514847;-0.025539571;-0.03141143;0.1983065;0.6925448;-0.15747458;-0.19998549;-0.10905089;-0.14585494;2;
21.9618;0.74591136;-4.8848567;-1.3001148;-0.072903335;-1.5674801;0.4815;-0.36805204;-0.25288382;-0.5502332;0.061056703;0.2691422;-0.0069979276;0.5734171;-0.13780765;0.062761985;2;
22.705807;0.49881256;-3.5204453;-4.163027;0.4964247;-0.7902389;-1.2618612;-0.34667706;-0.2559567;-0.056043833;0.051706105;-0.1556959;0.53602767;-0.20614274;0.16557372;-0.00731466;2;
22.97727;0.8909768;-4.859485;-2.0677059;0.45795962;-2.1988003;-0.050349314;-0.9084586;-0.04678504;-0.5026062;0.16926187;0.33291262;0.37542745;0.29860488;-0.8728358;-0.12938529;2;
20.782784;0.46561217;-4.1138897;-2.9050741;-0.606093;-1.7412356;0.08694301;0.050879296;0.3610355;0.11863932;-0.06974326;-0.31448922;-0.21968745;-0.040016197;0.11254726;-0.29930973;2;
23.819237;-1.1687196;-3.5472255;2.4112277;0.39771497;2.2934709;-1.0178379;0.63914055;-0.28333926;0.29634723;0.7585217;-0.25575447;0.69340056;0.6501979;-0.33128092;0.2821692;2;
18.335861;0.6715795;-4.5251355;-0.8189558;0.45081213;-0.77995026;0.22736147;-0.41598484;-0.25923792;-0.95827067;-0.20405036;-0.27807608;-0.21185559;-0.07395184;0.047216598;0.8097094;2;
26.21237;-0.95912474;-5.0606513;1.2519115;-0.119204365;0.09592576;-0.81426793;0.012825841;0.22395182;0.23488975;0.114821516;-0.8717357;-0.0034822307;-0.28462216;-0.38963667;0.49063092;2;
22.358952;0.9017619;-4.5958147;-1.5945505;-0.08475796;-1.6995708;0.12285894;0.018472234;-0.35005602;-0.6299648;-0.75978196;-0.64139074;-0.3490732;0.32086155;-0.3458984;0.19124812;2;
25.136154;-0.7009191;-5.27302;0.107962824;-0.6007514;0.2933447;0.61508834;-0.43600565;-0.27200988;0.2074283;0.0011411826;0.22039105;-0.065478995;-0.86095715;0.05200766;-0.23017812;2;
22.623526;-0.8615461;-1.1673071;1.1105828;1.7204925;0.049061317;0.84259784;-0.680691;0.31416887;0.30861473;0.5000792;0.11437573;0.94905066;0.7684512;-0.28163308;0.5502479;2;
23.13097;0.72217065;-3.2301533;-3.3470287;-0.13195062;-1.1710277;-1.093328;-0.3923785;-0.07440212;0.10332739;-0.015752532;-0.7297116;-0.042016584;0.3536018;-0.6177201;0.35364506;2;
21.572798;0.5063049;-3.0892956;-0.9554607;0.06256375;-1.454281;0.6925639;-0.42479828;0.042965945;0.10627293;-0.3447865;0.7856901;0.05544628;0.8613654;-0.36808145;-0.03670271;2;
22.995481;-1.0128026;-5.2818494;0.881591;-1.0187035;1.3980783;0.49831796;0.10255086;0.38605997;0.08859317;0.7143983;0.24790804;0.22349578;-0.41896555;0.030916985;0.098132744;2;
18.556559;0.8192522;-4.244329;-1.9172872;0.35708678;-1.0337934;0.044664625;-0.31709805;0.14508806;-0.35619763;-0.37973115;-0.1565701;0.31734028;0.06643432;-0.099259056;0.5457937;2;
25.83356;1.4269018;-5.9182405;-2.4147375;0.5817811;-1.0053074;0.4126616;0.33594224;0.53450465;0.060482483;-0.7893163;0.34842575;0.07809658;-0.14439677;0.33296353;0.48084712;2;
21.42042;1.5444225;-4.6203957;-2.9328854;0.8754024;-0.4483535;-0.35615033;0.43497556;0.042467766;-0.089005835;-0.29396975;0.27757493;0.34690055;0.38043877;0.016575042;-0.0669249;2;
22.788565;-0.99378544;1.499525;0.4719529;1.6704289;-1.8934382;-0.73706126;0.021158488;-0.05069239;-0.010723269;-0.31631362;-0.42190737;-0.07802797;-0.56041104;-0.459704;0.10153626;2;
21.096546;1.0530975;-2.4790308;-2.587148;0.19158773;-0.5868708;0.5296803;0.026338514;0.222788;-0.20480943;0.42960528;-0.022832459;0.34229493;-0.4105782;0.050720926;-0.4960398;2;
23.079113;1.2661023;-5.0943604;-2.3714743;0.43724078;-0.46381965;0.5756804;0.124532685;0.7029129;0.12917542;-0.86030674;0.16392072;0.547081;-0.43440083;0.24317808;0.20509036;2;
19.785215;0.5377239;1.2360752;-0.8815477;1.0882722;1.9344906;-0.4379524;-0.025747381;0.07419518;0.09762901;-0.36772433;0.3185039;0.3917607;0.61681473;-0.19700725;0.06292912;2;
22.752766;-1.6239498;2.3449152;0.21322961;0.058802437;-2.5132148;0.5728823;0.24972561;-0.06149529;0.35704008;0.7123092;-0.31423888;-0.14109407;-0.10427342;0.16533719;-0.24465466;2;
24.61708;0.7082041;-4.482376;-2.7057202;0.60233706;-1.8076519;-0.3320598;0.68546385;0.29454216;-0.31587842;-0.92915934;-0.32415125;-0.4159169;-1.0743412;-0.39424273;-0.33592096;2;
26.953772;-0.25187445;-6.633021;0.45803916;-1.7151796;-0.91196746;-0.6939989;0.31664467;-0.4048565;-0.011642006;0.10464064;0.30843776;-0.10696664;-0.08861009;0.52087533;0.59316504;3;
19.99318;0.30813578;4.3535047;0.518958;-1.076826;0.25150397;0.19805859;0.11486823;-0.40409192;0.04275965;-0.9020645;-0.031243207;-0.1664704;-0.12680468;0.2927684;-0.21436447;3;
18.444351;0.21766232;5.138525;0.44616985;-1.2509253;-0.28975633;0.008324352;-0.21016738;0.46723858;0.028809147;0.25176844;0.18408717;0.0017526263;0.2602919;-0.019494936;-0.36358044;3;
31.912045;0.40045217;-8.696062;0.36584538;-3.040734;-1.1790464;-1.0382944;0.6905937;0.9301007;-0.73464584;-1.1207488;0.1376091;0.73000324;0.22603829;0.3716273;-0.18782856;3;
25.668991;-0.46176678;7.651304;0.41337484;-2.4680367;1.5458775;0.3612772;-0.1646863;1.6035287;-0.5436068;1.4154274;-0.09180838;0.16284913;0.3830425;-0.64325166;0.75965136;3;
30.858376;0.12795004;-8.368338;-0.44338667;-1.8745661;-0.6563427;-1.6102588;-0.18789798;1.0195936;0.16875833;-0.3507954;-0.79083693;0.77793103;-0.052123766;-0.22597331;-0.53413445;3;
23.907722;0.25805193;-6.88362;0.014902337;-2.2435966;-0.8202869;-0.97464585;0.43427956;1.4716549;-0.08680212;-0.8011214;0.18743429;0.028067086;-0.21086277;0.05968083;0.07535737;3;
27.205782;0.07347239;-6.768395;0.4033636;-2.6805336;-0.45923772;-1.907511;0.28484756;0.7092826;-0.3056748;-0.601476;-0.30527475;-0.14434372;-0.16688688;0.3851037;0.42686635;3;
20.924767;0.01743955;-5.202816;0.01574116;-1.8282028;0.061888356;-0.6505998;-0.71558553;0.32864144;-0.8891201;-0.29640225;0.72112256;0.040004928;-0.36782408;0.12016105;0.11855456;3;
25.594868;0.6868598;-2.5321975;-1.8335407;1.7100306;0.7284406;0.47571942;-0.24610873;0.93045586;-0.37545928;-0.14201963;-0.41947067;-0.13740854;-0.25127578;-0.017689828;0.19100867;3;
32.416466;0.14299986;-7.9109435;-1.6975173;-1.165509;-0.047543727;-0.88682914;0.7379116;0.23441817;0.35214797;0.3969271;-0.21893018;-0.82613164;0.7725192;-0.49741513;0.3160781;3;
19.24584;0.2690054;-5.0092516;-0.33960697;-1.4021336;-0.18970281;-0.011235405;0.48871717;-0.24514903;0.020292297;0.18041536;0.032253396;-0.22460099;-0.17623127;0.04952947;0.29945844;3;
28.011387;0.25752345;-7.5826845;0.88228166;-1.4635874;-0.38002566;-1.5605513;-0.1254791;0.33977962;-0.40870798;-0.32433984;0.10656657;-0.039664485;-0.06729659;0.13681774;0.14140253;3;
19.093868;0.5683203;-4.9399896;0.10138056;-1.2705078;-0.44796258;-0.5530342;-0.5302487;-0.2251443;0.04482723;0.06413355;0.14993177;0.19738294;-0.0956016;-0.10163648;0.3276977;3;
23.597807;0.2543183;-6.8429565;-0.096766576;-0.88201255;0.114877895;-0.82304806;0.4105314;0.37344256;0.11968144;-0.31079575;-0.5280704;0.34105968;0.34817022;-0.124524884;-0.02080724;3;
27.617542;-0.059673253;-7.365268;0.01422362;-1.9986173;-0.36192694;-1.7072381;-0.47947457;1.466261;-0.70782954;-1.129879;0.08823786;0.39914978;0.407354;0.086527795;-0.03062402;3;
28.912928;-0.21575461;-8.252696;1.1003131;-1.4570285;-0.49593255;-0.3240326;-0.24827704;-0.4920302;-0.24444729;0.14068443;0.16674532;0.13823691;-0.2050487;-0.24145679;0.23758629;3;
20.114365;-0.14724047;-4.305873;-0.44518414;0.3207799;-0.8828498;1.0166904;0.37335002;-0.8885033;0.3174166;0.34461433;-0.16797389;-0.3995244;0.02083827;0.51259845;0.12715203;3;
31.702133;-0.18268813;-8.915796;0.49972004;-2.483059;0.26332882;-1.4922886;-0.47665355;0.58690417;-0.62315935;-0.81198204;0.571723;0.20957991;0.06688233;0.46866557;0.01512246;3;
21.464285;0.084663875;-6.577861;0.30133522;-1.2638906;-0.38006413;-1.0055596;-0.67151296;1.0945973;0.78849506;-0.81211376;-0.20344402;0.16063403;-0.041119136;-0.044881906;0.2004675;3;
20.326597;-0.37275767;-3.6292596;0.6179734;0.17916605;0.22599036;1.1195041;-0.3556337;-0.5748928;-0.6902664;0.37734514;0.49188566;-0.6198157;0.19455193;0.37232634;-0.04019991;3;
20.014292;0.47643492;-4.180279;0.062369443;-1.3981987;-0.89574015;0.09893426;-0.24563274;-0.26979864;-0.20740807;0.17730537;0.47922742;0.1393794;0.002840525;-0.38224348;-0.3825998;3;
27.48972;0.27326587;-7.8817234;0.26572096;-2.7469337;-0.7934485;-1.2478946;0.45536172;1.244983;0.13333984;-0.57428986;-0.38391227;0.03850374;0.16327122;0.15372;0.12952052;3;
21.659256;0.026654499;-6.672045;0.24085711;-1.2495221;-0.3522478;-0.8772446;-0.25075245;0.88050735;0.08845268;-0.61817795;0.34208795;0.121661656;-0.26696622;0.048990138;0.23905033;3;
29.606813;0.3845233;-3.5756369;0.7231986;1.2350954;0.8862206;1.3415058;-0.16413864;-1.0142817;-0.17137712;-0.38258716;-0.5312692;0.11719476;0.21692197;0.35961378;0.13555145;3;
19.214914;1.2550234;-2.223186;-1.8709636;0.24573283;-1.5403708;-0.20255502;-0.38868862;-1.0620044;-0.009068578;-0.3653122;-0.094126806;-0.6860287;-1.0133368;-0.5815223;-0.55050313;4;
26.627144;0.41606197;-5.2143846;-3.4598427;-2.5813525;-1.5006853;0.089986704;-0.78242147;-0.14832431;0.44972375;0.07056506;0.2586856;0.1234203;-0.083963074;0.2246971;0.7062928;4;
23.321188;-0.5237566;-5.5782027;-0.8701962;-1.2241439;-0.75846267;0.71406895;-0.38507643;0.17209524;0.700659;-0.07945039;0.2868526;-0.021418175;-0.15474182;0.5101457;-0.35172433;4;
21.683014;1.9255629;-1.8642795;-0.8872374;-0.84503055;-1.6664706;0.18902782;-1.2310569;-0.92380655;-0.6879006;-0.13182974;-0.59119505;-0.7507763;-0.62586;-0.5512687;-0.44753;4;
20.161469;1.840731;-2.1414816;-0.77210975;-1.1788254;-1.3687834;-0.8143107;-0.6757189;0.23955332;-0.5234016;-0.043338027;-0.819465;-0.22235732;-0.11895884;-0.10627337;-0.45869416;4;
23.685442;-0.014516249;-4.8219485;1.5116618;-1.7866491;-0.8163905;-0.6392464;-1.1739727;0.6522603;0.11360557;-0.8775446;0.80529547;-0.7080744;0.09807495;0.24380323;-0.49019784;4;
23.703697;1.5624429;3.804787;3.0736601;-0.29959935;-1.2397337;-0.98505783;0.30746627;-1.0435965;0.6491976;0.91400886;1.1004508;-0.956919;-0.44449297;-0.03838984;-0.59324396;4;
25.589857;0.7259339;-2.0846744;-1.5046153;0.87635607;0.41880238;0.4690809;0.41145545;0.3596257;0.27978173;-0.21694891;-0.04247775;-0.8983356;0.57502896;0.02880743;0.30190453;4;
18.633257;-0.995324;-4.10836;0.6166803;-1.6281372;-0.75000966;-0.6144397;-0.40593338;0.65605;0.20356885;-0.30142528;0.39866477;-0.16184855;0.24453104;-0.56674325;0.5439203;4;
25.49246;-3.2274833;-5.52983;1.5327405;-2.803271;0.63652563;-0.32354382;0.45548546;0.47741067;-0.8010195;0.08022569;-0.40820557;0.07225247;0.15322448;-0.55899704;0.29674965;4;
23.976406;1.0136595;2.3329988;0.77756125;1.7683681;0.39534378;-0.35792428;0.3952911;-0.27783045;0.16415255;-0.4743805;-0.09381463;-0.51164985;0.057595603;-0.7123577;-0.17532495;4;
22.334427;-0.83721495;-4.7874694;1.2418661;-1.764746;0.018772908;-1.4651545;-0.8013374;-0.11499971;-0.45701;-0.019990431;-0.18963468;0.06485388;0.3618324;0.046612877;0.51794755;4;
19.65191;-3.6082168;-4.040644;1.0636388;-2.6860096;1.8038054;-0.75133723;0.4882603;-0.37822238;0.16925688;-0.5070044;0.06687752;-0.16488636;0.0068413005;0.21745186;-0.09155225;4;
23.59217;-1.6396791;-5.8058195;2.2536058;-2.6830256;0.43165734;-0.6317456;0.5200524;0.50868136;-0.17175192;0.25447196;-0.45583043;0.3598143;0.19513884;-0.13187784;0.12418203;4;
25.164028;2.179288;-2.2336214;-1.9835824;-1.2678405;0.031524215;-0.71686953;-0.06525615;0.33659542;-0.34245446;0.12115732;-0.21345286;0.10293059;-0.14665191;-0.7037722;-0.27464202;4;
20.40866;1.8056419;-2.205659;-0.17916182;-1.902607;-1.6625503;-1.2900668;-0.4103581;-1.103794;-0.61859596;-0.14083557;-0.68250024;-0.3172522;-0.4690516;-0.001050615;-0.7715772;4;
21.32729;-0.502617;-2.5624945;1.3998337;-1.5821869;1.0221925;-1.5257123;0.33096766;-0.677247;0.010748546;-0.6085382;-0.6565249;0.0037161687;-0.84652007;-0.04975807;-0.71577585;4;
27.455631;-0.5801841;-5.8614616;-1.067097;-0.92925704;-0.5891144;0.23775445;-0.6046784;0.24948795;0.08973241;0.51860976;0.8399954;0.1221644;-0.27040657;0.23469892;0.124188565;4;
22.678043;0.34926873;-4.64926;2.4202013;-1.9192849;0.28145167;-0.85501283;-1.2734159;-0.026302498;-1.5011625;-0.01730816;-0.4551837;-0.27562743;0.4988974;-0.32098258;0.39081866;4;
22.91542;-1.6222295;4.400481;-2.2921507;-1.0511938;1.1800154;-0.53967875;0.3734983;-0.043522477;-0.6169063;0.61506975;0.595774;0.54626596;0.8034554;0.0668122;0.24025239;4;
23.306873;0.24971516;-4.1888237;1.7238598;-2.2454565;0.6317422;-1.4775844;-0.23633811;-0.1792203;-1.0802413;0.43169785;-0.9702497;0.29555705;-0.6498018;-0.7884355;-0.20753005;4;
21.979671;0.6175602;-2.909812;-3.1976705;-1.2817692;-2.58305;0.21760519;-1.1092834;-0.5262503;-0.92875075;0.46053705;0.26344222;0.21853527;-0.067076765;0.2323635;0.27879423;4;
25.154547;-0.82075775;-4.3081765;1.1197428;-2.2953007;0.662512;-1.7161306;-0.577543;-1.0675967;-0.34323752;-0.29957068;-0.84521884;0.079925485;-0.18439199;-0.101803966;0.061547015;4;
26.035343;1.6543455;-4.670642;-1.3886961;-1.6146659;-2.1328456;-2.2115068;-0.3398749;-0.3647469;-0.83386505;-0.5036631;-0.6153236;-0.1397459;0.10866156;0.38892782;0.55548406;4;
24.478682;1.7473955;-4.1410847;-1.104234;1.4826002;-1.5014607;-0.2097497;-0.51334673;-0.7202668;-0.16603254;0.12099362;-0.6093234;-0.22640553;-0.5080879;-0.31262538;-0.55048674;4;
33.345924;-1.364637;-1.798716;-0.8029305;0.6904423;0.78852934;-0.14492999;-0.7765401;-0.6781951;-0.2269686;-0.23936856;-0.4271183;-0.21598606;-0.029456284;-0.17044207;-0.039385725;5;
28.759401;-0.11581281;-3.2952328;0.25363612;1.1277509;-0.1794789;-0.35360965;-0.063379325;-0.45508215;0.18179028;0.65659326;-0.17096621;-0.50945526;0.08849753;0.20136021;0.10019886;5;
26.587402;-2.0682452;-2.5306773;-0.80006754;0.14179687;0.46544787;0.03441804;0.49038407;0.42499563;-0.53615475;-0.84487444;-0.027501915;0.38804078;0.23592034;0.23712847;-0.004855982;5;
23.719294;2.762919;0.24969344;1.4537734;-1.2645706;-0.030126842;0.002607083;0.25063333;-0.56542706;0.04074309;0.48415536;-0.41441044;0.23851755;-0.020018103;0.13785693;-0.23452729;5;
28.260115;3.976925;4.2930603;-1.1454133;1.394818;-0.42018753;0.24055009;0.17862943;-0.27363172;0.17689365;-0.17992134;0.13948953;-0.061009314;0.079705045;-0.11670122;0.081248604;5;
23.713198;-1.4749961;-2.6988714;-0.46638393;0.2892848;-0.024902899;-0.10537503;0.5851404;0.3601897;-0.14759296;-0.36863753;-0.46028998;-0.17850694;0.46289998;0.42951012;-0.1096523;5;
26.333136;0.3157256;-3.312018;0.1831637;1.0750451;-0.026753137;-0.2505038;-0.48842862;-0.3130719;0.7841986;0.19161956;-0.6255113;0.016356466;0.15737544;-0.21099627;0.1643195;5;
22.143476;2.7284727;2.2407382;0.17800516;-0.5835702;0.5062879;-0.35782817;-0.15426978;0.17765868;-0.124404766;-0.25774026;0.4614024;-0.40729272;0.29727066;-0.18135303;0.051487196;5;
23.303318;2.8227398;3.9853477;-1.4000216;0.1839425;0.572893;-0.44622138;0.4842959;-0.032359052;-0.26294482;0.4146622;-0.36385083;0.19683225;0.03738239;-0.20784132;0.39095327;5;
32.53189;-2.8685865;3.2071707;2.3107092;-0.9127708;-0.5553634;0.13990776;0.013396009;0.23007162;0.11599174;-0.10187307;-0.019111786;0.2294613;0.41701004;0.37258;0.11974064;5;
25.798094;-3.0815425;1.9520476;0.15721604;-0.3465192;0.7457588;0.4682946;0.2810401;-0.04672401;-0.19200091;0.14842863;0.27190173;-0.017152745;-0.3937003;-0.4746342;-0.24446967;5;
24.438543;-3.0349765;3.2598789;1.1424235;-0.494927;-0.12942389;-0.14892596;0.21008207;0.2855982;0.37176365;0.22551057;0.08175978;0.10185381;0.22495294;0.3504803;0.27976936;5;
25.250921;-1.7920336;-4.471706;-0.3801571;-0.2736994;-0.8243162;0.058143623;0.3611283;0.09835436;0.37930837;0.0035208329;-0.142616;0.06479329;-0.30996424;-0.52108467;0.07534568;5;
27.143753;-2.118759;-4.677168;-0.26204273;-0.15663768;-1.2976073;-0.5001978;0.70666873;0.23813914;6.6996674E-4;0.15797266;0.29179806;-0.038436946;-0.17034456;0.11858601;0.04106686;5;
32.4251;3.8878527;5.0880213;-0.9964123;0.17764315;0.8277802;-0.019352844;0.13182528;0.24792442;0.21548255;-0.0314477;0.059695415;0.49324983;-0.2799848;0.33846682;-0.091711074;5;
24.330664;-1.917579;-2.3498232;-1.0391489;-0.61723316;0.0025676072;-0.104749754;-0.21105936;0.011013573;0.26322204;0.06231312;-0.14367868;-0.16887936;-0.18645072;-0.0096251005;0.091924205;5;
22.505184;3.08583;4.0876665;-0.8016226;0.4062116;0.3531421;-0.08343241;0.071229465;-0.0024141504;0.11778433;-0.19064696;0.07809788;0.006394122;-0.20548786;0.13884002;-0.22566892;5;
32.971916;-1.0880897;0.6274954;1.1461695;0.45654643;0.69996923;1.0701916;0.22219068;-0.46136677;0.092988536;0.5060921;0.7314241;0.54534596;-0.20487033;-0.6506219;-0.38177562;5;
27.725605;3.6256387;5.328101;-0.8085343;0.30620843;1.0194838;-0.7860585;0.6676026;-0.30482462;0.0341374;-0.019435538;-0.031146664;0.17946589;-0.1404297;0.05677619;-0.12949155;5;
24.510708;3.023708;-0.8048866;1.8397555;-0.65956295;-0.33071285;-0.3058072;0.52560407;-0.14379244;-0.53637934;0.52040464;-0.024146223;-0.14001414;0.034459908;-0.011325261;0.0036162485;5;
24.635612;3.448371;4.219092;-1.1203935;1.1726654;-0.3005282;-0.049452942;0.42639783;-0.3575522;0.31484348;-0.17306127;-0.056671415;0.003349592;-0.044775277;0.13346647;0.019234143;5;
27.921381;2.0497222;-2.493899;1.2682357;-0.10548614;-0.3036444;-0.15725216;-0.25392678;0.7906631;-0.10743969;-0.35773906;0.15359671;-0.2186801;0.41703036;-0.17738324;-0.20769067;5;
28.806316;-2.2021961;-1.1330017;-0.72014767;-1.435435;-0.35150775;0.23147078;-0.5619901;-0.64289534;-0.012254292;0.21288778;0.070750535;-0.19941095;-0.36709744;0.14209473;0.44542462;5;
29.1936;3.575993;5.6384435;-1.2000376;-0.39408097;1.5103555;-1.1677591;0.6470158;0.012626172;-0.4349468;0.6466034;-0.29913956;0.08752939;0.1842973;-0.3048841;0.3007971;5;
25.936127;-1.0323747;-1.9215544;-0.8285241;-0.17429706;0.049736805;-0.3954488;-0.6048692;-0.2623127;0.1685271;0.18939127;-0.051645096;0.04290564;0.28615066;0.13963881;-0.18615285;5;
35.128334;-0.4980164;-2.1543117;-0.6812423;0.80512017;-3.2368279;-1.4756577;-0.9470931;-2.6631901;-0.04378156;0.037333395;-1.073156;0.53480446;-0.024453744;-0.6991306;0.34942308;6;
32.194366;-0.2624241;-2.3303285;-2.1818166;0.1914677;-3.127591;-3.028614;0.3713026;-0.748808;-0.5398729;-0.5892204;-0.84026706;-0.54143244;-0.33978978;0.5362541;0.13736191;6;
29.134382;0.9082808;0.91003466;-1.590191;-0.09248325;0.09674558;-1.4438943;-0.07995001;0.90784025;-0.21496199;-0.25569224;-0.3200622;-0.2657963;0.080183424;-0.16854197;0.22096579;6;
26.922443;0.3719071;-1.2842855;-1.538253;1.0099611;-2.60931;-0.18078654;1.022043;-0.3272362;-0.5309045;-0.016786983;-0.16910817;-0.29112533;0.1368649;0.22269124;0.0054055336;6;
33.575054;0.60328054;0.8476621;0.02425848;2.5980604;-3.9709203;1.719998;0.08321806;0.9294333;-0.29990375;-1.016462;0.28519586;0.27975193;-0.058041126;-0.4648537;0.82000625;6;
33.26626;-1.0418129;2.6666155;1.1955442;-2.8283532;-4.496801;-1.884106;1.2848344;1.529823;0.58670354;-0.46191457;-0.6071487;-0.4463275;-0.48777494;-0.006279045;0.11213235;6;
30.874851;0.5810452;2.6686711;-1.2714403;-2.0652404;2.9308567;-1.1304607;-0.6321285;0.069055;1.3604281;-0.9413362;0.17296281;0.10847394;0.24780336;-0.53762335;0.068279505;6;
28.8864;-0.06653687;-0.9435382;-1.9901545;0.5398058;-1.9168984;-2.5503817;-0.94585603;-1.7148618;-0.05406456;0.055299476;-0.78692836;-0.9199525;-0.30422464;-0.30274698;-0.22573161;6;
25.924763;-0.16568117;-2.3366122;-0.056121845;-2.3827784;-2.1515455;0.6632014;-0.7237991;-0.4283146;-0.5036271;0.1889493;0.17619993;0.2527264;0.16170673;0.1074312;-0.27623934;6;
35.09106;1.4867042;-3.1231377;0.73032176;-2.930388;3.9215755;0.5928283;0.7342959;-0.15001912;-1.028994;-0.13805473;-0.7135261;0.29828903;-0.110935405;0.426419;0.32200626;6;
28.5057;-0.98702794;-1.4267522;-1.510805;0.64598525;-2.697105;-1.9709568;-0.0128926495;-1.4829364;-0.37841764;0.49671942;-0.8786437;-0.48112315;0.30500308;-0.07235238;0.049385726;6;
26.469425;0.8142026;2.4199116;-1.0277253;-2.3649883;3.265504;-1.075589;-1.0110372;0.7357938;0.9569667;-0.7764557;0.5031165;-0.41872668;0.2755228;-0.279593;-0.21852791;6;
31.114227;-0.4762309;-2.2785673;-0.26739943;-0.6092995;-4.3340554;-0.56444013;-1.644466;-0.8945543;0.38512126;-0.3790787;0.1408676;-0.09881452;0.33993003;0.2610062;-0.51843655;6;
27.967897;0.35638094;2.3961253;-2.5287993;-1.1372781;2.2234654;-1.6982269;0.5666111;1.1151974;-1.0650636;0.80007434;-0.38728356;-0.6400188;0.7634058;-0.677185;-0.20521915;6;
32.779163;0.6086376;2.365093;-0.004833051;-2.5447602;3.093718;-0.764482;-0.673639;0.7565079;-0.6558041;0.29290137;0.3976752;-1.1341959;0.89486283;-0.01940375;0.17697178;6;
26.313967;-1.0170037;2.0639677;1.1229856;-3.0061677;-3.1882458;-0.70487696;0.81179255;0.76291305;0.2029975;-0.22962727;-0.35727566;-0.05083175;-0.17301658;-0.10421254;-0.18400271;6;
25.204315;0.35313323;0.904123;1.0928714;1.2632438;-0.78302556;-1.0105059;-0.07793334;0.94762284;-0.12466467;0.26607046;-0.389444;0.2989216;0.2059026;-0.28074485;-0.15914287;6;
35.567505;0.3387592;3.2048519;-1.1572032;-2.9461205;3.684912;-1.2318723;-0.2280579;0.9715323;-1.6188451;1.1472273;0.17908734;-0.74518055;0.64549506;-0.1385926;0.06270367;6;
27.409386;-1.1688398;-2.659365;-2.0072181;1.8406329;-1.7407873;-1.7739718;0.5532936;-0.47658733;-0.98738855;0.9573177;0.15236352;-0.36690792;0.46046346;-0.31781012;-0.52862936;6;
31.52672;-1.4523501;-2.6467562;-2.5142605;1.0625916;-1.69639;-1.8483545;0.08603982;-1.0116426;-0.93873906;1.2347609;-0.3815254;-0.5550255;0.49082825;0.63437253;-0.61111784;6;
32.716465;0.19787873;0.7508632;0.9317081;1.5309155;-3.378566;2.5182908;-0.36725637;0.22486281;-0.61762154;0.518847;0.19971055;-0.7499222;0.21778549;-0.35426033;0.53563577;6;
35.518932;-0.3885268;-2.5166926;-0.92362285;-0.51871014;-4.2970557;-0.50500906;-0.6302024;-1.6062957;-0.74659276;-0.71656156;0.1258317;0.6346146;0.44539618;0.37977055;0.75114095;6;
30.275965;-0.2704648;3.0058842;-2.7788393;1.2225039;-0.9348471;1.1571046;-0.75907624;-1.0802654;1.6471989;-1.125361;0.4871807;-0.3216884;-0.10293409;-0.26146957;0.27524832;6;
29.038242;-0.6186723;-1.9957215;-2.2614288;0.6286679;-2.1931803;-2.7589738;0.31328946;-0.47867402;-1.3096917;0.9782467;0.8498629;-0.70859236;0.17189136;0.4701629;0.3202013;6;
25.724785;-0.31446904;-1.5680411;-2.1176894;-0.16799389;-3.1150541;-1.7481316;-0.4080604;-0.92747056;-0.039240025;-0.3143838;-0.31537268;0.23698674;0.5193315;0.65486705;0.4919006;6;
16.820415;-0.48983157;-0.69057363;1.6121598;-0.055620562;-0.16371945;0.3468452;-0.16184056;-0.10921109;0.14188103;0.13640754;-0.500095;-0.17011361;-0.030165693;-0.3014817;0.3449198;7;
20.731157;0.8625898;2.9723637;0.5048424;0.16350661;0.25284985;-0.138386;-0.044211082;0.35010034;0.31096092;0.04591014;-0.078364044;-0.12009406;0.094085835;-0.055224236;-0.17992117;7;
19.737411;0.56398946;-4.377985;-0.15968475;0.370248;-0.28610775;-0.46575025;-0.15447845;-0.19883107;-0.35200447;0.44223514;0.21536666;-0.3401084;-0.05538901;0.3419042;0.23752381;7;
15.596547;-0.6510201;-2.3949811;1.5837046;0.38483286;-0.728476;0.3508519;0.52076554;-0.0596024;0.10860461;-0.29061842;0.216043;-0.06563884;-0.21778508;0.14625385;0.35836238;7;
15.490496;-0.9046161;0.4673017;1.100564;-0.24914192;0.2575064;-0.18190399;-0.040995482;-0.13738015;0.27158064;-0.22799022;-0.0071877567;0.06357573;-0.14373635;-0.050559524;-0.42021772;7;
14.228734;-0.5731576;2.9507065;-1.3558915;0.58981353;-0.12566254;0.5297883;-0.013662582;-0.060815886;0.50457263;-0.03322452;-0.18907276;-0.1296488;0.07736068;-0.15816504;0.07280424;7;
16.270884;-1.0846844;1.5308872;0.3269606;-0.06305196;0.66689026;-0.8169598;0.49506125;-0.3526318;-0.23221481;-0.061296795;0.19935097;0.08124253;0.009043144;0.14836825;0.0767096;7;
19.026342;1.0487711;2.6180856;0.3586919;-0.037880134;-0.16163649;-0.25170147;-0.21836829;0.14038356;0.44192138;0.5497555;-0.04207408;0.15407766;-0.051647205;-0.27957153;-0.18732025;7;
13.775464;0.094712794;-2.9466743;0.02895797;0.7142878;-0.37381712;-0.5594908;0.16697393;0.07476948;0.0661582;0.08428261;0.102898516;-0.23231694;0.038502004;0.12515071;-0.12747528;7;
17.046955;0.043730944;-2.1499398;-1.842655;-0.013845428;0.15039015;0.087410524;-0.05110948;-0.18705958;0.2843999;-0.13862096;-0.3846069;-0.24316327;0.07373721;0.33195907;-0.01474975;7;
20.297804;-0.4144959;-3.7695162;1.230857;0.11329119;-0.20560223;0.078211844;0.24876328;0.08446352;0.416229;0.023194142;-0.20140974;-0.0017569313;0.09458944;0.19566841;-0.07044424;7;
18.980598;-0.06354378;-2.4608307;1.8226253;0.4122395;-0.8401354;0.15392652;0.4204684;-0.48044887;0.007682231;0.113274954;0.005903091;0.10547782;-0.3058567;0.029951025;0.0189559;7;
20.171274;-0.69505197;-2.3099222;1.7121776;-0.16805226;-0.4837597;-0.13755122;-0.11232541;-0.3816668;-0.0040056533;0.24758546;0.26753947;-0.19895451;0.10180143;-0.44901967;0.30917487;7;
18.06174;0.7010011;-0.18226856;-1.7965143;-0.62358385;-0.22486761;-0.23827896;0.050222494;-0.04389993;-0.43577084;0.1643916;0.14292808;0.044801746;0.6009402;0.18510866;0.61880845;7;
17.59597;0.021170681;-2.607131;-1.7940333;0.08267925;0.18365298;0.030870352;-0.07173983;-0.030282885;0.29381308;-0.49906608;-0.33191583;0.11328224;0.04921397;0.018973883;0.06579206;7;
14.248925;-0.063414216;-2.5588396;0.9935796;0.13712472;-0.43972442;-0.3601816;0.3896703;0.0052550193;0.11142965;-0.18958783;-0.08242609;0.017605826;-0.07255183;-0.08296048;0.0049550957;7;
14.623728;-0.19996068;1.7062911;-0.08662635;-0.14029379;0.5129911;-0.016795218;-0.2577238;0.54653955;-0.21553813;-0.29969442;0.24144584;-0.35535836;0.28548858;-0.05486911;-0.033769336;7;
13.711378;-0.12734362;-2.5995386;0.7716534;0.08897231;-0.6590221;-0.04150304;0.4750482;-0.17957222;0.14756474;-0.14337073;-0.040931083;-0.38394654;-0.12494342;-0.17602345;0.27073804;7;
18.599195;-0.7740208;-1.8036149;2.4271264;-0.16712101;-0.6880023;0.5505641;-0.6785594;-0.36831784;0.3621172;-0.10270746;0.08059754;-0.17303453;-0.028366232;0.1287288;-0.1241225;7;
16.46286;0.7529013;-0.81460667;-1.7756989;-0.37794387;0.11848408;0.22036006;0.5621498;0.11564498;0.065502755;0.28702486;0.32984152;0.10705567;-0.030089831;-0.27676398;-0.24612013;7;
14.963625;0.1675633;-3.0987537;0.095954165;0.45193893;-0.036505572;-0.6469427;-0.123578355;0.017030317;-0.0030733375;0.20391317;0.07608575;-0.07950094;0.230774;0.06499905;0.29432827;7;
17.244944;0.7805213;-2.6620846;-1.6041363;-0.3602247;0.4710396;0.5074783;-0.22018187;-0.1087255;0.01891688;-0.15860204;-0.16171597;-0.44090223;-0.01522663;0.06936268;0.12073053;7;
15.098554;0.03032656;-2.4691045;-1.3547337;-0.0725764;0.1663546;0.117691435;-0.014071308;0.096700154;0.2898928;-0.284576;0.12721878;-0.024205064;0.019161023;-0.29000223;-0.11394143;7;
15.9998045;-1.0516236;1.9016768;-0.1756058;0.13012336;0.34340593;-0.61995137;0.3478187;-0.42148152;-0.17401384;-0.11150345;0.010840505;0.018090872;-0.019983629;-0.023697138;0.213367;7;
17.495306;0.2660407;-3.6711023;-0.99808544;0.21099208;-0.017092349;-0.31867367;-0.39099178;0.08183927;-0.066745184;-0.13024001;0.04253065;0.10027995;-0.17043494;-0.17543037;0.14300768;7;
1.2030469;-0.08345444;-0.340225;0.004182964;0.0091402475;0.09302175;-0.046399303;-0.0845858;-0.15320379;-0.15320411;-0.0845855;-0.046399403;0.09302196;0.009140155;0.004183177;-0.3402254;8;
12.107623;4.7146244;4.7141943;4.336868;3.7888591;3.2121286;2.4492702;2.0594056;1.4103638;0.69483304;0.31422284;0.3950249;-0.116479434;0.39502314;0.31422514;0.69483215;8;
4.265907;-0.04088788;-1.513285;1.0756073;0.88386726;-1.563537;0.053298134;1.5563239;-0.70111877;-1.1748904;1.3057915;0.522384;-1.5730149;0.5223821;1.305793;-1.1748886;8;
1.5788984;-0.24633247;-0.116128825;-0.17762977;0.16025148;-0.17294545;0.046912707;-0.10240688;0.005590604;0.06323892;0.063238874;0.0055909413;-0.102406606;0.04691379;-0.17294534;0.16025221;8;
1.2087522;-0.092508465;-0.33430275;0.13738275;-0.026252031;-0.06374821;0.02846111;-0.0034086439;-0.003408587;0.028461618;-0.063747935;-0.026251804;0.13738267;-0.33430323;-0.09250852;0.0;8;
2.0131924;-0.14836153;-0.34035927;-0.018117955;-0.068124235;0.115132764;-0.08926674;0.0527418;0.027935347;-0.08849064;0.05031302;0.05031268;-0.08849136;0.027936121;0.052742276;-0.08926698;8;
1.129894;-0.22642627;0.004950846;-0.16573344;0.08984395;0.12713395;-0.14921376;0.004497629;0.0044975756;-0.14921306;0.12713401;0.08984416;-0.1657333;0.004950278;-0.2264262;0.0;8;
13.690729;4.777297;2.8167582;0.13043204;-2.2993598;-3.8697002;-3.7983222;-2.4610822;-0.6753752;0.56722945;1.6343832;0.5672327;-0.6753843;-2.4610815;-3.7983284;-3.8697085;8;
9.083438;-0.6290412;-1.8067034;0.44687593;0.33284083;-1.0979662;0.4431187;0.24897541;-0.720825;0.15007688;0.26893592;-0.7796773;0.50561327;0.50561154;-0.77967805;0.26893756;8;
26.51405;0.84850776;-3.2927365;-3.676742;-0.79437894;0.34056023;1.2985648;0.40284762;-0.5513821;1.8138117;1.4614669;-0.7935533;0.21207531;0.9552606;-0.4793845;0.6692778;8;
19.391098;2.5633643;-3.0510664;-4.40455;-0.8506245;2.758527;0.6427403;-1.6496228;0.29945222;-0.59047264;1.3443738;-0.0075147436;-0.27365735;1.8712732;-0.3509772;-0.026129454;8;
6.119493;2.3517938;2.238003;1.6177895;0.9872716;0.1322442;-0.710426;-1.4504384;-1.9714661;-2.738813;-2.7657175;-2.7657168;-2.738812;-1.9714602;-1.4504323;-0.7104198;8;
11.735227;3.3131454;3.0109863;2.1613946;0.48615626;0.5471136;0.6862618;0.8871851;1.1362959;1.128414;1.0054398;0.9401447;0.9279246;0.78990227;0.8561402;0.63313687;8;
14.693608;-0.38366663;-3.8605378;-0.39758062;1.8306667;-0.15199597;-0.28628615;0.23260236;-0.19646955;0.32423085;0.30331016;0.024340244;0.61321896;0.09095342;-0.33613828;0.5879078;8;
9.896552;2.4069777;1.3582867;-0.24996348;-0.65598476;-0.66950303;-0.47079298;-0.35921985;0.008909062;-0.44866136;-0.7683803;-0.5591281;-0.54056084;-0.21747163;0.024279172;-0.2589751;8;
2.214646;0.2652425;0.36043882;0.2707455;0.060104243;-0.09263716;-0.11017054;-0.22505896;-0.2728179;-0.27730876;-0.17172237;-0.27730823;-0.27281716;-0.22505903;-0.110171594;-0.09263843;8;
1.6542907;0.02924491;-0.07011117;-0.09160096;-0.091372505;-0.081481256;-0.0071853995;-0.070258;-0.19438092;-0.19438133;-0.070257835;-0.0071855327;-0.081481054;-0.09137241;-0.09160096;-0.07011142;8;
2.0574489;-0.12487999;-0.123556726;-0.060769234;-0.0080929585;0.018894512;0.044668704;-0.12593566;0.06916858;0.11456139;-0.08278445;-0.08278454;0.11456059;0.069169596;-0.12593514;0.04466896;8;
29.3924;6.4283323;2.3511558;-0.71083355;-0.44455078;0.49544674;0.30546692;-0.53117865;-0.5970492;-0.479066;-0.006482787;0.5301049;0.14089096;-0.1321989;0.011856874;0.26881072;8;
1.6104692;0.015484941;0.19205086;0.014089291;-0.0687273;-0.016599683;8.10649E-4;0.057656292;0.05765631;8.116948E-4;-0.016599583;-0.06872708;0.01408922;0.19204992;0.01548468;0.0;8;
1.8110262;-0.109625556;0.048629314;0.09967609;0.17616335;0.17402194;0.05416518;-0.07724549;-0.07518853;0.07444109;-0.02055154;-0.020551728;0.07444026;-0.07518778;-0.07724507;0.0541652;8;
5.965063;-2.3019931;1.5569972;-0.14644451;-1.3745337;2.3614304;-2.8038085;2.5323079;-1.3527173;0.18855691;1.2053269;-2.4166389;3.1691027;-2.4166424;1.2053332;0.18855031;8;
1.7175812;-0.08771005;0.24928014;-0.027060965;-0.03555554;-0.1075198;0.111647606;0.026946045;-0.031397484;0.14671086;-0.031397127;0.02694586;0.11164778;-0.10751973;-0.035555504;-0.027061753;8;
1.5776979;-0.1117828;-0.13897227;-0.20973557;0.016300403;-0.015611304;-0.08332283;-0.11356414;-0.2643205;-0.113564536;-0.083323;-0.015611193;0.016300028;-0.20973645;-0.13897109;-0.11178335;8;
1.877103;-0.1732585;-0.32021135;0.15758045;-0.105714;-0.04114228;0.09395036;-0.08616405;0.041277856;-0.030606464;0.025735494;0.025735319;-0.030607158;0.041278627;-0.08616368;0.093950234;8;
20.650211;-0.29901543;0.26518673;-0.17309262;-0.21500975;0.060969852;-0.15846917;0.04990422;-0.083154;0.16797301;0.029276224;0.0010346763;-0.06665013;0.038020615;0.114132665;-0.044772115;9;
17.177258;-0.31035578;0.32651827;0.06853621;0.42588934;0.25335518;-0.0030714003;-0.03439495;-0.18978868;0.14193903;-0.04947548;-0.032425474;-0.044404637;0.09786482;0.1695667;-0.07517585;9;
15.365416;0.1959203;-0.042142905;-0.06678947;0.07235773;0.28785798;0.35465872;-0.18234032;-0.045105066;0.06198223;0.005004605;0.08080729;0.15044084;-0.15563782;-0.008174336;0.19250499;9;
14.262041;-0.52399135;0.24090223;-0.15959458;-0.07389;-0.020743454;0.12689565;0.16768059;-0.07555512;0.26128232;0.10270267;-0.032015484;-0.09854116;0.12547578;0.13536537;-0.055998612;9;
20.191154;-0.16155976;0.044305254;-0.19661403;-0.23301505;-0.0018655608;0.10356407;0.15987629;-0.2565661;0.030937396;0.11432091;-0.19237082;0.0023755466;-0.0087322965;-0.14491862;-0.16068262;9;
18.041988;-0.07103373;0.031275786;-0.17179309;-0.32192132;-0.050216764;0.023763778;0.16881508;-0.0038754633;-0.097579174;0.23060346;-0.109098345;0.03494309;0.07273489;-0.0184469;0.036239743;9;
17.215755;0.121590935;0.26878354;-0.063532434;-0.19292097;0.054781094;-0.26914525;-0.16031481;0.15929566;0.04413852;-0.1404326;0.25445628;0.04854036;0.06815684;-0.16645856;-0.15574998;9;
19.892405;-0.30209604;0.095306225;0.0840399;-0.28329074;0.060166776;0.10904989;0.21405406;0.1040104;0.0014114587;0.2332324;-0.13175142;-0.014106165;0.101101644;0.086753234;-0.2415067;9;
21.993277;-0.3263431;0.057731822;0.06492818;-0.35407275;0.3115167;-0.1445988;0.15456314;-0.1353285;0.18712568;0.086175576;-0.26854718;0.2379104;-0.08947425;0.2326879;0.069437265;9;
14.080199;0.03072223;-0.27254668;-0.19923657;-0.2301055;0.10545592;0.096056566;0.011282888;-0.028737219;-0.15693156;0.022980629;0.07959439;0.19836105;-0.11059179;0.021213392;0.10669154;9;
17.588308;-0.4303664;-0.061822306;-0.072754174;-0.2228771;0.18267657;-0.15314317;-0.28372976;0.11010303;-0.0037117675;-0.050487254;0.12512971;-0.099059254;-0.019691797;0.020116786;0.27316344;9;
16.679958;0.09665863;-0.020762747;0.19827493;0.49463198;0.026535045;0.40988028;-0.18416376;0.1534206;0.08462911;0.30519372;-0.067520246;0.032172557;-0.22672987;0.2132952;0.016786745;9;
20.523388;-0.690196;0.19318226;-0.07916838;0.31342706;-0.20642424;-0.09625668;-0.11691057;-0.039630774;-0.14161623;-0.13563025;-0.20592508;0.029624822;-0.07488752;-0.3024314;0.03159563;9;
20.2522;0.1927473;0.084324345;0.10232516;-0.13214642;-0.0075709145;0.03681948;0.023898924;0.21234304;-0.26555204;-0.029708669;-0.21028034;-0.064569086;-0.19886963;-0.045132563;0.050033282;9;
17.948553;0.19048746;-0.3917894;-0.1385044;-0.019449372;0.1473314;0.1003718;-0.2758221;0.05887803;0.36254984;-0.0752111;-0.13661164;0.0021932705;0.16359897;-0.011894503;0.026347056;9;
18.727573;-0.22156322;-0.26202267;0.25524682;-0.11136103;0.06340141;0.07033574;-0.10878185;0.091447435;0.22579356;-0.18901202;-0.041084565;-0.06891401;0.14361723;-0.0074273786;-0.14837785;9;
14.1782465;0.0786681;-0.36372238;0.08587953;0.023115912;0.12941182;-0.2725728;0.14774315;-0.043359518;-0.090091184;-0.11613177;0.11280917;0.22081594;0.02969977;0.15737876;-0.25984243;9;
16.273993;-0.5679625;-0.16170824;0.019478096;0.17804798;-0.07672007;-0.19415888;-0.041284323;0.22551669;0.034944654;-0.048391666;0.27118245;0.056493912;0.035548545;-0.08479797;0.091686666;9;
20.806957;-0.08650095;-0.24575213;0.11831676;-0.14849399;-0.11864303;-0.09555602;-0.29866806;-0.21544507;-0.026121236;-0.028829014;0.047356263;-0.04473995;0.030877052;-0.17877465;0.11160954;9;
20.09098;0.42904216;0.02083955;-0.14714552;-4.97015E-4;-0.015945375;-0.09078763;0.045365147;-0.01749995;0.19686763;-0.12505531;-0.079881206;-0.027547024;-0.10210651;-0.02912832;-0.035452615;9;
12.977075;-0.08210004;0.080362424;0.19720902;-0.027741529;-0.36307418;-0.07241931;-0.34002957;0.060493346;-0.3593734;-0.16178498;0.034165304;0.03286543;0.18366674;0.22905871;0.50617146;9;
16.32639;-0.0782555;0.25168014;0.21629672;0.064056255;0.049449768;0.18780287;-0.043302774;0.19852829;-0.06240643;0.40818012;0.06404094;0.25232044;0.056791436;-0.24760194;0.022612173;9;
16.87996;0.22926341;0.19068468;0.21416119;0.1047524;0.2684567;0.26816347;-0.14464505;0.03171688;-0.1593407;-0.15891892;0.010813904;-0.02230618;-0.057838146;-0.13419989;-0.08418134;9;
13.63382;-0.34933808;-0.5781017;-0.07812388;-0.05546102;-0.40617728;-0.06833664;0.15800156;0.098920316;-0.38865462;-0.11452692;-0.20750888;0.0047714054;-0.25330654;0.051657032;0.026922183;9;
15.569825;0.11706807;-0.12275212;0.06338913;-0.095627256;-0.12163604;-0.0201258;-0.19112198;-0.22729953;-0.064532116;-0.03256955;0.0834902;-0.10032075;-0.12535535;0.03908923;-0.08255153;9;
