250;20;10;
8.928463;0.0;0.24573725;0.19217438;0.881502;0.7241977;0.34527457;0.8755224;-0.17795002;-0.025865056;-0.1511919;-0.0032899017;-0.20240694;0.0855085;0.056825627;0.045545757;0.007387254;-0.15687811;-0.096633986;-0.17077357;0;
8.098487;0.0;-0.23122108;-0.123719305;0.20642154;-0.89078367;0.2009789;0.42200702;0.28147528;0.045763597;-0.11531251;-0.114646465;-0.15822347;0.15388376;-0.19031401;0.27951366;0.020977363;0.38409966;0.023182858;0.11745505;0;
6.897279;0.0;-0.25075194;0.6861703;0.22908309;-0.60745233;-0.10223979;-0.4559601;0.4074647;0.30284056;-0.048367806;0.104248695;-0.29349208;0.24583961;0.1070839;-0.33859968;0.061235387;0.16860263;0.10380966;0.19011122;0;
7.5638885;0.0;0.06640417;-0.20578533;-1.0363063;-0.2529237;-0.08647897;0.6792784;-0.2537712;0.042039447;0.1787007;0.028180541;-0.16929664;-0.01057682;0.076059185;-0.053482533;-0.028269807;0.058953688;-0.041643746;0.2279031;0;
6.370474;0.0;0.16015418;0.19737363;-0.35820976;-0.27618104;-0.4115275;0.19546713;0.011927498;-0.32883933;-0.19346459;-0.14440036;0.052604236;-0.029077504;-0.096536525;0.17414159;0.1474521;0.0195258;-0.18003152;0.05725722;0;
7.563341;0.0;-0.2724539;0.2262817;-0.5604094;0.1312454;-0.40321293;-0.5084934;-0.17506774;0.21716623;-0.19789886;-0.13771766;-0.21581551;0.17519668;0.113615826;0.12365462;0.024383469;-0.08443267;0.15185127;0.07618049;0;
7.7107015;0.0;-0.38680804;-0.14530477;0.43083665;-0.98390466;-0.033595104;0.5384623;0.18643239;0.08037223;0.10288494;0.099603504;-0.1502181;-0.08827073;0.03519578;-0.041693483;-0.15512457;-0.1918029;-0.06689413;-0.18473798;0;
6.2277985;0.0;-0.3795635;0.11418454;0.5234445;-0.50211656;-0.114453554;0.5475239;-0.006230274;0.06496817;0.089926116;-0.1748282;0.019096648;-0.13039349;-0.037319224;-0.021372152;0.106800474;0.025988933;0.06696672;0.26866215;0;
6.884551;0.0;-0.059681606;0.6398258;-1.451107;-0.1508175;0.20036823;-1.0111271;0.23227517;0.35672826;-0.3690176;0.08816861;-0.14953606;-0.50012153;0.25711054;-0.032028705;-0.16723941;0.3558287;-0.4846231;-0.32492423;0;
16.795341;0.0;0.6500345;3.2597356;-4.468037;2.841022;-4.48072;-2.8710084;0.36751363;-3.3603463;2.7552974;-0.9304071;2.0271878;2.3881545;-1.0201923;2.2217088;-1.2739513;-0.25621256;-0.26752123;-0.60188675;0;
9.92141;0.0;-0.33819512;-0.64613867;-1.0959185;1.8300241;1.7600713;0.38560328;-0.20832151;-0.77992326;-0.7789951;0.46700105;0.73843324;0.36512432;-0.04352089;-0.52295023;-0.39954633;0.016997416;0.24333814;0.23445305;0;
6.994169;0.0;-0.26743978;0.22596137;-0.36427182;-0.8004924;-0.4030487;-0.013921843;0.2248621;-0.13498138;0.007681823;-0.04903265;-0.038628064;0.19803205;-0.26043224;0.050237242;-0.0706047;0.27960098;0.011389686;0.011309631;0;
12.100413;0.0;-0.25403193;1.6263322;-3.0467105;-0.81484056;1.5320919;-2.6338131;1.3103212;0.86790437;-1.0049883;0.6605764;-0.401689;-1.4217404;1.1247935;-0.7461261;0.534427;0.6866217;-0.6169379;0.800561;0;
7.597247;0.0;-0.66044855;0.029488614;-1.0012527;-0.6887882;-0.35179448;0.6030605;0.19511138;-0.18178059;0.1465928;-0.12671182;-0.090998694;-0.36382172;-0.23624931;0.26307225;0.05357922;0.3888966;0.34092185;-0.20500967;0;
8.732962;0.0;0.32592547;0.13549528;1.3552009;-0.89594436;0.9893304;-0.94551325;0.30892676;-0.23675992;0.33460787;-0.39798948;0.043844745;-0.47125232;0.18661307;-0.43252388;0.13728648;-0.27137724;-0.040709678;-0.39294973;0;
7.1662927;0.0;0.039826453;0.53590703;-1.3444157;-0.36589482;0.21796034;-1.0882337;0.49871355;-0.21886913;0.09746311;0.7677507;-0.6887487;0.08566648;-0.13254815;-0.8557185;0.6876191;0.0068263193;0.03277275;0.751698;0;
5.923412;0.0;-0.06832897;0.2174627;-0.2069138;-0.64592916;-0.39979535;-0.20128313;0.29971686;-0.28549296;0.030536357;-0.2044272;0.097676486;0.07052492;-0.32345495;-0.08212068;-0.03898367;0.17990012;-0.07178972;0.2696127;0;
9.848603;0.0;-0.0061246715;0.64180607;-0.50185245;1.610429;-1.3416069;0.7494777;-0.37716675;-0.3866257;0.020428311;-0.64416504;0.48292062;-0.49169335;0.7331247;-0.10344904;0.31627473;0.60810167;0.08369922;0.7320685;0;
7.8584447;0.0;-0.4617616;0.011504951;-0.78938687;-0.15210891;-0.1370148;-0.3073926;-0.36284637;0.21641706;-0.01089352;-0.27817097;-0.10141425;0.095811486;0.14657262;0.28788647;0.004417211;0.026194626;0.11097795;-0.05200274;0;
7.0709443;0.0;-0.09085941;0.036331218;-0.80421615;-0.663986;0.14968218;-0.4279789;-0.021134669;-0.11630957;-0.13258365;0.02204996;-0.056838434;-0.093721144;0.07359941;-0.008226034;-0.16689031;-0.12690458;-0.03827438;-0.1197829;0;
6.5560393;0.0;0.3065305;0.31549823;-0.8488705;0.4410294;0.0168646;0.17543575;-0.13924381;0.055029746;-0.11969139;0.030150022;0.06235828;0.041925758;-0.10966211;-0.008239646;0.010226003;-0.05942648;0.22073974;-0.05039756;0;
7.074359;0.0;0.075224675;-0.053827547;0.7220688;0.62775856;0.035372823;-0.48620677;0.2673054;-0.38089395;0.22489618;0.054643426;0.13874039;0.08007226;0.08357415;-7.0000446E-4;0.35680574;-0.25968698;0.24686211;0.13088317;0;
7.66747;0.0;0.1645838;0.36039585;0.12669998;-0.7920594;-0.525597;-0.28942508;0.29158336;-0.19829668;0.11651991;-0.06925587;0.12023544;0.1926986;-0.24899927;0.045736633;0.16447058;-0.08309754;0.16891642;0.11236926;0;
5.8994646;0.0;-0.02981494;-0.1859572;-0.24855101;0.7311444;0.59131706;-0.19582658;0.16728723;-0.01893216;0.019454962;-0.036763452;-0.0058504543;-0.18975823;0.12835197;0.020711495;0.04370669;-0.122096635;0.13072883;0.20597586;0;
8.261562;0.0;0.18857434;0.114106156;-0.18778376;0.9304699;0.22591999;-0.48737964;0.33529997;-0.11787908;0.069785774;-0.1058787;-0.15861452;-0.12440079;0.15819484;-0.15302579;0.22212818;-0.08687685;-0.094981655;0.008980478;0;
18.72645;0.0;0.06890249;0.008546888;1.4990647;0.84614617;-1.190485;-0.43868798;-1.0658654;-0.09444875;-0.2621596;-0.63825697;0.5125297;0.24437879;0.6356626;0.27139312;-0.36942682;-0.14580756;-1.0632824;-0.6938468;1;
20.418367;0.0;-0.25555357;0.6560501;1.2089134;1.4331083;0.53948206;1.8686944;0.26552734;-1.4376235;-0.780717;0.66499865;-0.46232903;0.9143527;0.52008533;0.039125573;0.32474914;0.9407149;-0.22968021;-1.3808092;1;
22.927567;0.0;0.78040844;-0.8572537;-2.8436058;-0.24553671;0.26588127;-1.8552588;-1.2348969;-2.6137927;-2.82058;1.844339;0.53277713;2.0876677;0.3491199;0.24667226;-0.37328282;0.3472535;-0.0012240323;-0.25916195;1;
22.547844;0.0;0.663519;-0.42147997;-2.2658906;-0.2252769;-0.804274;-1.8816422;-2.0450978;0.46541664;0.61704314;2.0580895;-0.014835657;0.47396135;0.1768573;0.40548027;-0.017366698;-0.1602955;0.50165015;0.84838873;1;
21.506788;0.0;0.7169158;-0.08661756;-2.055364;-0.13980998;-0.46144795;1.9880362;-1.39425;-0.28996378;0.59706545;-0.941564;-0.8705689;-0.6422729;0.66145325;-0.25412744;-0.5395131;-0.8782416;1.2754554;-0.7667217;1;
21.778446;0.0;0.24633697;-0.53519475;-2.0644717;-0.59695244;0.48127353;-2.1586733;-1.7826496;-0.9238269;-1.3591152;1.8328259;1.0259908;1.0057646;0.07012477;0.5454478;0.9615796;0.14199328;-0.46086675;-0.2265275;1;
23.727701;0.0;-0.09027731;0.3404361;-1.828575;2.3709102;2.271903;0.96605825;-0.47438812;3.2362897;-2.421283;0.7106321;-1.238244;-0.9714801;-0.013005603;0.0696804;-0.07420357;-0.17352393;-0.042394627;0.42274;1;
22.442234;0.0;-0.081169285;-0.39201802;2.438172;1.1759192;1.6547036;1.7989153;-0.0732078;-3.4228458;-0.4376437;2.649061;0.8408496;-0.700747;0.5301337;-1.0015194;0.8995694;0.29247892;-0.08052073;-0.22807139;1;
20.05027;0.0;0.20171201;1.218971;-1.4153405;1.6474515;2.1991692;0.341044;0.305115;2.601724;-2.0811162;1.1552271;-1.1540718;-0.7612607;-0.14341229;-0.023866577;-0.7678671;-0.11669689;-0.65421987;-0.83516365;1;
18.231346;0.0;0.41206563;-0.533045;-1.7966868;-0.046437882;0.22881202;-1.7018559;-2.4835942;-0.979891;-0.880128;2.4938958;1.4685302;0.44066167;0.22852449;0.2579804;0.63760144;0.3214887;0.043633547;0.2000067;1;
23.257374;0.0;0.5102504;-1.1343033;-0.9772475;-1.6884209;2.3353858;-0.6147746;0.26665136;-2.8251045;-1.8138083;-0.67126983;-0.45605084;0.6920853;0.06437;-0.3425843;-0.5809774;0.07986572;-0.26394683;0.5418784;1;
20.52728;0.0;0.2707015;0.98865575;-1.8202419;0.8206939;1.2815557;1.1233333;-0.2940507;2.6308966;-2.3398328;-0.13692191;-0.39994094;-0.9554288;-0.44100156;-0.25072256;-0.90357006;-0.47547308;0.024029758;-0.24670702;1;
20.662218;0.0;0.07395236;0.226413;1.8908523;-0.48275307;-2.4824767;1.0757167;-2.8300335;1.0710437;-2.128789;1.1780823;-0.4129897;0.71807754;0.78440493;-0.24161494;0.3689228;-0.3452565;-0.04422311;-0.21559513;1;
17.550512;0.0;0.47110152;0.57914406;-1.1259773;0.13435638;-0.812443;2.0312328;-2.1933076;-0.66615033;0.6248783;-1.8048726;0.25362974;0.37851962;0.3891136;-0.57149506;0.47918135;0.51354736;-0.20615613;-0.18113278;1;
18.141546;0.0;0.32232422;0.816167;-1.6406039;-0.25348654;-0.6687682;1.6246732;-2.3412871;-1.1563655;1.1204164;-1.6374811;0.63841605;0.83131784;-0.23341544;-0.3868174;0.12176573;0.47629553;0.21454237;-0.2362954;1;
21.4079;0.0;0.2563762;1.6180016;-2.4166865;-1.0079054;-1.2121859;1.3218231;-2.5346227;-1.9680234;1.9379379;-1.8224932;0.8305139;1.3673917;-0.41785568;0.16921325;0.08872483;0.45108858;-0.2633097;0.16956694;1;
17.4661;0.0;-0.32781374;0.10691714;1.4329623;1.1725479;0.48801622;1.6626277;0.58237606;-1.8653318;-1.2767656;1.5850632;0.4108896;0.12058369;0.5595828;-0.41163254;-0.07478894;0.36833626;0.09844264;-0.3538477;1;
19.350166;0.0;-0.6587988;-0.42376378;1.2247022;-1.3996454;0.8739135;-2.304669;-0.89366084;2.6089678;-0.22741196;-2.5321229;0.45527852;0.3754861;0.16860002;0.56736547;-0.31927246;-0.40842956;-0.26209947;0.21846345;1;
23.55881;0.0;-1.2337329;0.054451223;2.3675325;2.622738;0.1495828;1.7860605;0.097042404;-2.6359022;-1.3356302;2.7620327;1.5288917;-0.93754095;-0.5531102;-0.16789389;-0.21736157;0.74521494;0.3692217;0.18535721;1;
19.411604;0.0;-0.16296418;0.5519722;-1.999657;0.9333836;1.4154247;1.1370662;-1.1313808;2.5013788;-2.2697728;-0.5004089;-0.46339545;-0.83024526;-0.34837633;-0.21047845;0.1582352;-0.24099843;0.07635038;0.080108;1;
20.455952;0.0;0.45543566;-0.49810448;-1.7756737;-0.24157622;0.45306638;-2.0754888;-2.343562;-0.9960172;-1.3213928;2.2199643;0.97491616;0.51532876;-0.7808149;0.33633325;0.16281281;0.5608062;0.03823704;0.28374138;1;
23.027605;0.0;0.28774416;-0.7492179;0.099521555;-2.617205;2.300699;0.43928373;2.596328;-2.0861697;-0.43716973;-2.1241221;-0.8837564;-0.4199063;0.5598636;0.31135324;0.35776556;-0.99358284;-0.079951145;-0.7978404;1;
20.237719;0.0;-0.4202271;-0.25987372;-1.8128166;-1.171379;2.004129;-1.1381463;-1.1640719;-2.382664;-2.4425545;0.30036274;-0.546715;0.71058965;-0.58039474;0.27564624;0.14964978;0.3468226;0.09807276;-0.016140735;1;
19.967604;0.0;-0.4504079;0.69319606;-0.34894902;-2.4568508;-2.041197;-0.15730248;1.4032512;-2.3591118;0.57254124;2.298528;-1.1485462;-0.17515625;-0.69598955;-0.1459233;-0.24155688;-0.31558663;-0.23946506;0.2594941;1;
18.05785;0.0;0.22317706;-0.26995537;0.2056258;1.5754099;1.2874732;-1.4767551;2.391544;-0.3860673;1.5192739;0.8877339;-0.14453189;0.32585782;0.29848406;-0.5178678;-0.2983566;-0.029867232;-0.7853569;-0.02276723;1;
27.552814;0.0;-1.8882008;-2.0848193;-2.6973543;5.62064;4.46076;0.17290638;0.02121547;0.5483024;1.0052451;-2.0328488;-0.43763205;1.327341;0.236113;-0.27246693;0.4393967;-0.5324567;0.36952314;0.6858171;2;
25.606255;0.0;0.5943775;-1.6835471;-4.7232776;-3.9868393;-3.4061847;2.2306848;0.05058446;-0.39598018;-2.382023;-0.193423;0.1420723;0.062593654;0.33855903;0.21584028;0.57974404;-0.3160775;-0.06310419;0.049643915;2;
22.150072;0.0;0.3393993;-1.4993817;-5.59449;-0.4971951;-0.33417174;3.6493802;-0.25596908;0.09248038;-0.026472697;1.7286326;-0.3913831;-0.09225762;0.13777483;-0.3487269;-0.21883667;0.06485935;-0.22787853;-0.1296892;2;
22.041367;0.0;0.53650224;-1.576766;-5.6613173;-1.0411199;-0.8357315;3.7435734;0.08408067;0.23522553;-0.7030299;1.3146228;-0.4630609;0.14609422;0.4521436;-0.29802474;-0.33599788;-0.2907101;-0.13446666;-0.11560267;2;
24.392431;0.0;-0.034264494;2.0550134;-4.9846053;3.529941;-3.5233798;-2.2372668;0.06349295;0.42327222;-1.8940232;0.117346145;0.095109604;0.056475308;0.17378964;-0.56019247;0.7695551;-0.021333992;0.016175572;0.13146022;2;
24.369566;0.0;0.57699263;-0.9345128;-6.1532145;-1.5013838;-1.0206318;2.8221657;-1.244037;-0.65761554;-1.0312898;1.4112222;-0.6553656;-0.28889653;0.32454827;-0.40834132;-0.024596218;-0.10713369;-0.41653642;-0.09493993;2;
20.703695;0.0;0.013513406;1.4658971;-4.4897637;2.8718596;-2.663894;-2.0322573;-0.19863552;0.43382517;-1.5789213;-0.16070482;0.3022721;0.4233749;0.3705929;-0.26638564;0.2800667;-0.01130832;-0.036855757;0.14121117;2;
23.747364;0.0;-1.4657241;-1.306904;-2.8313348;5.364003;3.6681037;-0.016321784;0.29730272;0.3080625;0.8331299;-1.8686243;-0.110418916;0.82704604;0.26030713;0.2787244;0.19424513;-0.4000776;9.714903E-4;0.6340711;2;
19.754827;0.0;0.28646874;1.0920986;-5.207614;-0.24501508;0.35528597;-2.2237177;-1.2366012;0.15539116;-0.23657696;-0.5210404;-0.599824;0.043623503;-0.7865917;0.521795;-0.31874138;-0.034418933;-0.072751574;-0.48401633;2;
26.31763;0.0;-1.0417072;2.0369565;-4.914522;-1.7485219;1.3902385;-3.0411894;-0.5368594;0.36314675;0.16907705;-1.7959896;-1.1268816;-0.03562468;0.30471176;-1.1381837;-0.15445918;-0.81118387;0.54329634;-0.2198555;2;
23.356918;0.0;-0.049878035;0.9512041;-6.0732985;0.30802763;-0.03189746;-2.3519335;-1.973759;0.36056787;-0.3186343;-0.9383957;-0.47540233;0.59555095;-0.2002637;0.70780367;-8.403353E-4;0.107177995;-0.3554787;-0.40147188;2;
25.863878;0.0;-1.2361741;1.8216687;-4.418394;-2.7212193;2.229068;-2.6293583;-1.2970847;-0.34396186;0.6929063;-1.0700163;-1.4683319;-0.5771469;-0.037069757;-0.1949148;-0.057177525;-0.6483363;-0.35105968;0.90420336;2;
22.721415;0.0;-0.92606735;-0.22380038;-0.2974503;5.4150376;1.1930209;-0.9661093;2.546188;0.526593;-1.4198054;-1.0845839;0.2083272;-0.24918115;0.23333354;0.26923025;0.15299824;0.27479675;-0.08133043;0.464602;2;
24.380785;0.0;-0.0577149;-1.2327882;-4.6521745;-3.0818913;-2.9030092;2.1432772;-0.17977606;-1.5314806;-1.5355685;0.32243985;0.15897381;-0.42415425;0.1869202;0.33975857;0.1897829;-0.2617817;-0.67317;-0.20907852;2;
21.532572;0.0;0.46650633;0.3485043;-2.8251302;4.769144;-1.4417169;-0.08655473;0.74550915;2.1960745;-0.3148609;0.79758686;0.31921592;0.18368706;-0.38034058;-0.0070767114;-0.65147024;-0.058372874;0.55093044;-0.07851773;2;
23.297453;0.0;-0.9947721;1.2119575;-2.5567527;-4.9824805;2.826843;0.05148017;0.60151845;-1.5509766;0.60942566;1.5294842;0.7261296;-0.06116876;0.36638692;-0.3039532;0.003491617;0.46504045;-0.19577351;-0.31789386;2;
19.534496;0.0;0.6275542;1.6998093;-4.848956;1.4473974;-1.1716211;-2.9818156;-0.51647365;-0.022423275;-0.872092;-1.0879766;-0.54355544;-0.18710151;0.18243518;0.37096673;0.13744012;0.007002887;-0.10061175;0.17903936;2;
26.88027;0.0;0.98594725;-2.1230159;-5.5754523;-1.7899196;-1.9816159;3.6971662;-0.29512516;0.35197142;-0.9119104;2.1623642;-0.8288415;-0.09379555;-0.2860569;0.95848423;-0.0892303;-1.0025412;-0.6052645;-0.4326999;2;
24.104872;0.0;0.9422934;2.1939476;-4.804651;1.8418412;-2.4557464;-3.8145235;-0.30571562;0.030070025;-1.3589139;-1.1563517;-0.26046002;0.48402917;0.03353259;-0.02621752;-0.28235358;0.30713865;-0.21465838;0.16798548;2;
23.28856;0.0;-0.2848159;0.19865118;2.5047019;5.5342593;-3.5726064E-4;-0.6787189;1.5230181;-1.9312392;-0.6973586;0.47709137;-0.27946123;-0.18158653;-0.1231277;0.15478154;0.28678384;-0.12833914;0.5816279;-0.8992594;2;
21.887115;0.0;0.6625284;0.39915374;-3.5632598;4.828248;-2.1092432;-0.35873067;0.23488045;1.9266844;-0.4532713;0.864243;0.4100816;0.306425;0.055096976;-0.4178024;-0.28499195;-0.29524988;0.5337967;-0.015788136;2;
24.404484;0.0;0.831987;-1.9098963;-5.3717084;-1.313439;-1.5583941;4.192005;-0.43145853;0.63995534;-0.7293776;1.776591;-0.84438354;-0.47623116;0.39479944;0.2046353;-0.022752024;-0.6023983;-0.3231219;-0.23839077;2;
20.326029;0.0;0.112388656;-0.23867238;2.0498466;-5.0981636;-0.14168628;-1.5948329;1.1673918;1.5351107;0.7901661;0.04616037;-0.36920813;0.021707883;0.21754283;-0.2316185;0.062355116;0.25013208;-0.07468068;-0.60790163;2;
23.588266;0.0;-0.81711644;0.12523389;3.381792;5.332874;0.17759612;-1.6182115;1.4491055;-2.0565934;-0.6224894;1.0799644;-0.5117185;0.1690157;-0.4348584;-0.4409129;0.24113464;-0.11726997;-0.14138956;-0.5825669;2;
25.761183;0.0;0.05430863;1.4466691;-5.6111684;1.341441;-1.488688;-3.1838756;-1.3843201;1.2372423;-1.3836457;-1.343916;-0.6277204;0.78312606;0.5928911;0.028705342;-0.33010358;0.30371955;-0.28619516;0.09013031;2;
27.850077;0.0;-0.13700366;0.17906241;-4.5069118;-1.6525552;-0.24870123;0.26333958;-2.9577217;-3.1986961;-0.103624634;0.08213085;-0.6068573;-2.370919;0.7748885;0.02076758;-0.5301206;1.5669509;-0.8389851;-0.2013265;3;
21.462435;0.0;-0.89073175;0.4594004;3.4992905;-5.924082;-0.24530488;1.8662841;0.35798603;0.9972613;0.48953652;0.5899843;-0.46315962;0.05252962;-0.01352529;-0.048142668;-0.33323088;0.22275351;-0.12836206;0.2943625;3;
19.84929;0.0;-1.2124891;0.13117427;5.396638;-2.7121978;-1.907804;1.0181721;-0.5746981;0.3811793;-0.20072693;0.06842321;0.34055766;-0.8277001;0.28420943;-0.27882507;0.2061308;-0.6656379;-0.019422613;-0.4518276;3;
32.97428;0.0;0.52993184;-2.17381;-8.40093;0.24508214;-0.22334096;3.9621336;-3.0404608;0.0370619;-0.6640183;1.5090808;-0.055655353;-0.11940265;0.46888053;-1.0581143;-0.5343328;0.037928477;-0.77571017;1.2859975;3;
28.168514;0.0;1.212871;0.18149795;8.556243;-1.28148;2.988318;-0.42550194;-1.3489933;0.3823984;0.6085682;-0.1350898;0.9040102;-0.32618597;-0.13516389;0.07508111;0.50675094;-0.32583672;-0.35755584;0.36936247;3;
31.269146;0.0;1.1439795;2.453063;-8.872905;3.1610346;-2.2373183;-4.4657483;-1.668862;0.48574746;0.15859197;0.84076995;-0.3367214;0.20265855;-0.8050858;0.24400647;0.17145813;-0.060177457;0.05148008;0.15737814;3;
25.287067;0.0;-0.05455487;0.8370381;-6.558255;1.2091515;-0.08634226;-0.7171607;-2.4974926;0.34992248;-0.35286903;-1.7730614;-0.052395742;-0.04268015;0.3660123;1.4404707;-0.6773935;0.13482895;-0.53898025;-0.30322385;3;
28.022177;0.0;0.032522466;0.9352901;-5.5224566;0.32259148;-0.71283627;-0.023977777;-4.2586923;-0.22118388;0.31188837;-2.0147767;-1.1400192;0.20677839;0.48724422;-0.18014379;0.5505148;0.33490378;-0.7913364;1.1458017;3;
21.970251;0.0;0.4223368;0.08781097;-3.9420624;-0.712957;-0.80106944;0.4227504;-2.9526727;-0.8917075;-0.048241675;-0.42417225;-1.358254;-1.3462365;0.403339;-0.056247283;0.4794699;0.56719434;-0.6652382;0.84371245;3;
26.610943;0.0;2.3622334;1.8006771;0.46793208;7.139076;-2.9516745;4.025496;0.2959586;0.2457558;-0.58567655;0.20605947;-0.51357967;0.35887575;0.8808228;-0.42798826;0.13041407;-0.20951413;0.07336148;0.3387379;3;
32.62993;0.0;1.7592478;3.025699;-5.2624216;7.020877;-5.1982713;-0.87387353;-0.3825117;-0.5308245;-0.82101375;-0.12579541;0.15504467;0.44839352;-0.057623845;0.7399492;-0.22841518;0.40045115;0.1262963;-0.14006843;3;
21.910225;0.0;0.62132865;-0.8707701;-4.34173;-3.3439877;-1.811201;1.1906488;-0.9061561;-1.9939969;-1.3850803;-0.5141148;-0.042692598;0.2382655;0.3679011;0.62830716;0.51126784;0.10540437;-0.13121915;-0.5895828;3;
27.99704;0.0;0.8151934;3.1965287;-7.275454;3.4925356;-2.7847378;-4.34803;0.23120867;-0.43038434;-0.1455868;-0.3028764;-0.08002186;0.43024346;-0.38266915;-0.13058086;0.08157638;-0.3483798;0.37215093;-0.22055109;3;
21.588404;0.0;0.3989969;-0.90480363;-5.485768;0.57243645;-0.1201543;1.0106995;-2.358225;0.25412685;-0.37058282;1.3025998;-0.010015592;-0.27369642;-0.002027702;-0.55798715;-0.33894157;-0.2612285;0.10471775;0.062541336;3;
25.498648;0.0;1.0874903;-1.6142479;-5.6837025;-4.8736744;-3.083687;1.9896157;-0.06833281;-0.031868204;-0.60553336;-0.7424024;0.8172359;-1.1050651;-0.035631597;-0.32616928;0.06227121;-0.101247266;0.20348772;0.11162421;3;
28.047785;0.0;0.41110164;1.8769498;-5.9207373;1.3899878;-0.9781922;-1.2945681;-2.999016;1.9994266;-1.253407;-1.6754847;0.34953168;-1.1225402;0.030151928;0.59241855;0.141039;0.27775446;-0.20760606;-0.3584939;3;
30.197021;0.0;-0.118903585;3.187702;-8.200657;-0.2658656;-0.04791068;-5.613675;-0.6601077;0.19560255;0.17420723;-1.1450607;-1.395689;0.0719244;0.07045401;-0.16899826;-0.03335747;-0.183017;0.07362329;-0.0024045827;3;
21.929806;0.0;-0.35152256;1.6456918;-6.092092;-1.6928352;1.3622546;-2.8424997;-0.72011477;-0.18473276;0.28380883;-0.06610845;-0.43309015;-0.7313953;0.2154362;-0.025987074;0.31936267;-0.18707648;-0.35225534;-0.4145295;3;
31.328094;0.0;0.8454009;4.0771565;-7.471804;3.354711;-3.809446;-4.7935147;0.222888;-0.31671548;-1.0675972;-0.72162074;0.36543307;-0.33734345;0.05165641;-0.12941314;-0.58921283;0.04595169;-0.18934633;0.16256095;3;
23.396864;0.0;0.2795207;1.5892354;-7.1908436;1.7036436;-0.7244631;-2.2592208;-0.4665835;-0.20112865;0.2804205;-0.42963183;-1.2023518;0.19490205;-0.4714102;0.6878672;0.40304875;-0.024558706;-0.015617654;-0.12923673;3;
22.387447;0.0;0.6900013;-0.6508583;-1.1671191;-6.9339375;-1.906652;-1.2378776;0.3074312;-0.27601847;0.2922591;-0.15386066;0.12161075;0.84149045;0.28933334;-0.036939815;-0.2186389;-0.06752621;0.2625072;-0.19132534;3;
21.637257;0.0;-0.029786794;-1.9065088;-6.521937;0.54875714;0.12915577;3.1364574;-0.10673679;-0.1122329;-0.29128423;0.74354345;-1.116492;0.08046722;-0.07882043;0.06345657;-0.05773427;-0.43069643;0.24026941;-0.32732058;3;
28.594172;0.0;0.74730444;-2.918825;-7.1913314;-2.7615118;-2.5272038;4.495754;-0.62002504;-0.19646113;-1.0861554;0.13650039;-0.5846489;-0.6665814;-0.3618059;-0.10252885;0.08012938;-0.08199684;0.16068368;-0.029386023;3;
23.431757;0.0;0.06984124;1.5095557;-7.2328978;1.4987808;-0.56787205;-2.3178525;-0.36283857;0.12129319;-0.059434805;-0.3020215;-1.2066869;0.42672586;0.027448088;0.44563028;0.30412978;-0.20829569;-0.08806718;0.14767115;3;
30.160444;0.0;0.6491729;-0.07839728;-2.3533266;6.7530107;-0.6912908;-0.43116286;1.8280686;3.524982;1.0394448;0.86837554;1.0051705;-0.44179022;-0.5313124;-0.15856041;-0.8212738;1.2360345;1.234102;-0.008643264;3;
19.52466;0.0;1.3312873;-1.6752769;-1.6244324;-2.9382808;-1.6608782;-1.8817804;0.1007711;-1.1331177;-0.90709347;-2.3319924;-0.022328414;-0.42496106;0.30348837;-0.93227124;-0.84197736;-0.11182522;0.0229297;-0.13223146;4;
26.364412;0.0;1.1789309;-2.5717537;-4.1345572;-3.6457376;-4.4943376;0.34069684;-1.7028322;-0.8032865;-2.6615639;0.34251192;-0.58805263;0.07691661;-1.1559904;-0.4313186;-0.13894548;0.9512145;0.013729972;0.5528972;4;
20.76364;0.0;0.52019995;1.0398219;-4.1727014;3.0073385;-1.7687358;-1.821634;-1.2103149;1.4849029;-1.2638055;-0.28372929;1.2128254;0.90630853;0.5325976;0.78283405;-0.44692;-0.15234378;0.79912573;0.12059155;4;
20.864574;0.0;0.69142276;-2.714071;-4.5905614;-2.9102292;-2.965173;2.1509318;-0.70406294;1.7276043;-2.1515632;1.7757163;0.60856646;1.3531148;-0.30462468;0.55251664;0.4964577;0.4416266;0.95289576;-0.68502074;4;
20.557878;0.0;1.2152699;-1.5235957;-2.5541584;-1.6971583;-1.7140628;-0.043940563;-1.0717797;-0.62911105;-1.3292639;1.0615234;-0.6056881;-0.4084235;-1.2136772;0.022161989;0.2602353;-0.3798891;-0.035988715;0.3719823;4;
23.789068;0.0;1.3138396;2.3990521;-3.5686572;2.0795393;0.9412493;-3.7277415;0.35214716;1.6064374;-0.8322895;-1.1185877;0.6409776;0.0051089013;-0.6340778;0.69474554;-0.8432495;-1.2528591;0.56871694;-0.06825658;4;
24.446205;0.0;3.2938883;-0.5238902;4.1203585;-1.3852143;3.482164;2.2629771;-0.24308819;1.2864298;-1.2752987;0.77930385;-1.5602826;-1.12841;0.7081563;-0.6313851;0.5821347;-1.0219699;0.29968864;-0.18511179;4;
27.992311;0.0;1.8876134;-1.8326602;-2.454153;-2.2606468;-1.9913539;-0.16906959;-0.10728321;-1.2147814;-1.4883662;-1.3675785;-1.9109473;-0.64015484;-1.1448649;-0.9805726;-0.98522043;-0.19897304;-0.92189664;-1.2170599;4;
18.30352;0.0;0.20366786;1.8574486;-3.6554525;0.93886125;-0.24793531;-2.6370616;-0.07304154;1.6643102;-1.9930452;-0.52548474;0.10769492;0.6670699;-1.113201;0.63217884;-0.087375194;0.14048466;1.0226532;0.0016868833;4;
23.3733;0.0;-0.74929965;1.4992021;-6.414412;-0.17134468;1.1024536;-3.018402;-0.684407;1.733446;-0.23001263;-0.6513804;-0.49052128;0.8849784;-0.35835052;0.3380793;0.6277841;-0.40192854;0.6090708;0.40564197;4;
22.47632;0.0;1.8994876;-0.23576905;0.9235133;-4.44977;-0.18134631;-2.2874806;1.2026885;-0.14209129;1.6296033;-1.7095722;1.0479844;1.6820809;1.21525;-0.48607442;1.0191933;0.5007122;-0.18503451;0.096619114;4;
20.72725;0.0;0.5552192;1.4396027;-4.8241806;1.9284296;-0.61861145;-2.7779627;-0.4441827;1.4163324;-1.1184021;-0.67985725;0.11285488;0.8148087;-0.66468775;1.1279371;-0.8177844;0.0035287202;0.34476462;0.4550878;4;
20.300621;0.0;-2.350577;0.8151606;-4.0308614;-1.3356237;1.2692019;-0.42676815;-3.1580937;1.2089365;0.78650534;-1.0753105;-0.55077195;1.1393071;0.43367514;-0.09797675;0.09634584;0.19474526;-0.102566995;-0.53456736;4;
22.39362;0.0;-0.8528423;1.9984505;-5.771843;-0.5410317;0.96748734;-2.9209316;-1.4982455;1.278483;-0.012917396;-1.6449925;-0.7139459;1.0932032;-0.5815422;-0.45322675;0.45523533;-0.35720226;-0.29733992;0.85410345;4;
29.045048;0.0;2.9700396;0.040115688;-0.9666802;-1.6321684;-1.0415058;1.0526569;0.23393658;-0.38615748;0.36998087;-0.36878693;-0.44153813;-0.3720337;-0.74318105;0.10537291;-0.2308436;-0.53416055;-0.580105;-0.05019073;4;
20.556723;0.0;1.3537607;-1.3227371;-2.8508706;-2.2583313;-1.5288033;-0.21004365;-0.80339694;-0.9057834;-1.8726293;0.37384704;-1.1893368;-0.8153664;-1.2842106;-0.33914322;-0.2927539;-0.40526262;-1.0704488;0.21172084;4;
20.706497;0.0;0.6077988;1.8647318;-3.0645893;1.3553578;0.61508375;-2.6973007;-0.7257611;1.1912713;-0.08162601;-1.6909263;0.3327937;0.49819192;-1.0975931;-0.3999094;-0.40057167;-0.79264426;-0.2624324;-0.047975264;4;
24.535458;0.0;0.3583154;1.222464;-4.5617547;3.8389537;-1.9886386;-1.6207849;-0.67131627;2.3250246;-2.0768065;0.090176255;1.4617685;0.6745521;0.7397273;0.63929856;-0.47727564;0.24837168;0.9642239;-0.053100064;4;
22.111002;0.0;1.4602342;2.1364164;-3.7871807;1.0330744;0.8993517;-3.3221312;0.00814719;1.9978164;-1.1213256;-1.6296701;-0.01996749;0.08036864;-0.44992763;0.8180371;-0.7533222;-0.6851085;-0.24486086;-0.15751965;4;
23.588848;0.0;-1.7677037;0.53733975;3.8511615;-2.1126337;-2.6906927;0.19864361;0.6709008;1.9691815;-0.09318023;-2.1595085;-1.1348742;-0.1447467;1.1779275;1.302944;0.25008354;0.18974322;-0.44281507;0.762731;4;
23.218325;0.0;0.9946921;2.2327754;-4.1238875;0.7856769;1.2641172;-2.8762746;-1.0362731;1.0414127;-0.40057647;-1.8855497;-0.046331465;0.5963997;-1.0232835;-0.6482282;-0.024297673;-1.0736169;-0.44813955;0.58597565;4;
21.148466;0.0;0.66782856;-1.8505975;-2.839671;-3.182502;-3.0108738;-0.54167354;-1.4877487;-0.87107104;-2.827144;0.48404586;-0.19795914;-0.8751029;-0.9406323;-0.21191604;-0.017949484;0.35348162;-0.6576971;0.40195504;4;
24.443554;0.0;-0.013532246;2.3586147;-3.6153336;1.2676871;0.3573422;-2.2312741;-1.0673337;1.0807922;-1.5212643;-1.9996617;0.8844627;0.82678896;-1.7653228;-0.52303416;0.13165808;-0.9848514;-0.54670715;0.34457672;4;
24.578754;0.0;2.0042112;-1.6656743;-3.8413823;-3.5524733;-1.7614555;0.15996665;-1.4418154;-1.6237178;-2.9012058;0.74961174;-1.4967171;-0.7954861;-1.1204966;0.9230798;-0.4981322;1.038866;-0.20028535;0.7893617;4;
24.450825;0.0;3.174545;3.6197472;-0.39660135;5.913323;-4.3050694;-0.13208513;0.5317584;-1.4965137;-0.17960925;1.3051791;-1.4950753;0.18766858;0.15015681;-0.6252101;0.81647426;0.31193423;0.40559274;0.6280019;4;
32.869534;0.0;-1.5946851;-4.2042594;-1.1057636;5.3794174;-0.5946653;1.8758796;-0.087609775;-0.6226642;0.54933053;1.0785375;0.22001675;1.6293019;-0.50742894;0.8791167;-0.6763411;0.18811035;-0.17618988;0.05296322;5;
28.8104;0.0;-0.31918588;3.7585466;-3.447588;-0.14483522;0.04879422;1.9443805;1.1413121;0.0799051;-0.016464328;-0.39030084;-0.23203613;-0.09552628;-0.040283296;-0.39329892;-0.6798049;0.0612759;-0.029582113;1.0212795;5;
26.762108;0.0;-1.8448029;2.7147818;-2.4586256;-2.133147;-0.80305547;1.5979403;0.15541613;1.1527706;0.47822785;-0.1688742;0.020775065;0.21955825;0.4891301;0.18714888;0.46351743;-0.67994696;-0.5078434;-0.7253279;5;
23.714687;0.0;2.705748;-1.5258077;0.006618239;-3.1885276;1.4582613;0.048344925;-1.1876208;0.67617786;-0.17744493;-0.54822636;0.18760316;0.12841634;0.09515882;0.12551546;-0.35742426;0.2567421;-0.13760173;-0.49662077;5;
28.193287;0.0;4.1539545;0.8515776;4.1371884;-0.12459429;-1.084954;1.0993103;1.4134297;-0.8411572;-0.50608194;0.44767;0.33260342;-0.29091737;0.08908591;-0.0037853513;-0.26200768;0.39900234;0.18724678;-0.513929;5;
23.589201;0.0;-1.6348932;2.5953574;-2.324811;-1.7291698;-0.6262779;1.5547704;0.3023147;0.87586457;0.29051328;-0.30219853;-0.20919774;0.18802376;0.39954224;0.37009677;0.5103155;-0.45414978;-0.2553933;-0.6496296;5;
26.380125;0.0;0.32629278;-2.8267312;-3.1791992;-0.6643832;0.23036753;-1.7710488;1.0511523;0.44832513;-0.068089835;0.36741415;-0.21847886;0.046175662;-0.40683696;0.13436452;-0.28807682;-0.5097919;0.738395;-0.30637267;5;
22.06289;0.0;2.8114586;-1.0002856;2.2328625;-2.8348083;0.19352283;1.0920364;-0.62408334;-1.0336474;0.5242006;0.39865935;-0.32101458;0.031399064;-0.1601596;0.011076791;0.12846592;-0.31342664;-0.105003856;0.49164775;5;
23.254875;0.0;2.8671122;0.023864616;3.7885966;0.42809138;-1.4494628;-0.40527192;0.39990586;0.24756391;0.39363268;-0.025055164;-0.32221344;-0.10073502;0.46060887;0.27796862;-0.13561945;-0.20476332;-0.038000178;0.066461585;5;
31.84184;0.0;-3.8230183;-3.3313787;1.7015742;6.4752584;0.2775444;0.58895737;0.76194125;-1.1103691;1.6687262;0.03668069;1.0091699;0.45961928;0.25858867;0.34189484;-0.06357686;0.16782;0.12637506;0.0402498;5;
25.60649;0.0;-3.3806176;2.2351592;2.1336894;-3.649102;0.33111948;-1.5970659;-0.54857;-0.61216444;-0.0038135487;0.006919389;0.021931242;-0.0075159646;0.3148347;-0.08465158;0.3522242;-0.091396965;0.15756358;-0.2900872;5;
24.554901;0.0;-2.9073632;1.907232;2.943528;-2.6839256;1.1162795;-0.95759964;-0.37947148;-0.058701154;0.017185338;0.72726303;0.103961475;0.8525569;0.44254002;0.44250143;0.39417866;0.15076241;0.25559348;-0.35371843;5;
25.215225;0.0;-1.85697;-3.272592;-3.960871;3.6820838;-0.58333933;-0.49915704;-0.13498937;-0.6946406;-0.58638364;-0.08058139;-0.02164231;-0.44338995;0.3362521;-0.30128783;0.1637243;0.084894426;0.30032796;0.14307123;5;
27.356106;0.0;-2.5417898;3.2611723;-3.0447419;-5.0506616;-0.80063504;0.3143686;-0.5356891;0.5201408;-0.6896372;-0.43204272;-0.8506975;0.6004343;0.28622523;0.89570975;0.5443106;-0.058721997;-0.062497865;-0.07769097;5;
31.255806;0.0;4.5550275;-0.2854493;6.4070616;0.47358486;-0.23535398;-0.3338469;-0.96056134;-0.51165944;1.4321517;0.5068544;-0.2538353;-0.32740867;0.053675186;-0.0962177;0.27367365;0.14235412;-0.19088857;-0.2380419;5;
24.640907;0.0;-2.3555706;3.4579175;-2.1875398;-3.8915582;-1.1619718;0.035993367;-0.5164057;1.1396106;0.47299683;0.2123967;0.12673698;-0.11439693;-0.17585947;0.1413232;0.1781925;0.10850455;0.37096626;-0.106515974;5;
22.417345;0.0;3.070154;0.7374015;3.9290094;-0.4071152;-0.95380414;0.95076835;0.55766684;-0.0013244455;0.40425703;-0.10322976;-0.33350855;0.5159968;0.3726214;-0.47673377;-0.1735294;0.4317937;0.1504758;-0.1478662;5;
32.16644;0.0;-2.1353128;-4.530644;-0.42042112;6.40235;0.01828118;1.3230157;0.81385475;-0.8942318;1.0745536;0.7720313;0.57912606;0.9048151;-0.3132272;0.29620022;-0.13136937;-0.21746467;0.37176645;-0.2904986;5;
27.950106;0.0;3.747648;-0.18032476;4.9852247;1.0207524;-0.68995273;-1.2589648;0.35943905;-0.32503164;0.74871486;0.71574616;-0.47685975;-1.042825;0.30997777;0.5620777;-0.07072228;-0.20846517;-0.07222129;-0.4115843;5;
24.878239;0.0;2.620848;-1.9520155;-0.7279442;-3.863507;1.7150187;-0.34560663;-0.860822;0.6954685;-0.20908338;-0.29327348;-0.10533677;-0.13367306;0.49428397;-0.054261513;-0.24702215;0.6213442;-0.3536219;-0.46913704;5;
24.422234;0.0;3.5869389;0.71899575;4.1217093;-0.42003548;-0.9813542;1.0609324;1.1629639;-0.6703865;-0.35650092;0.4864561;0.054752298;-0.063912295;0.21829584;-0.15875903;-0.16684571;0.5508171;0.114911325;-0.47047445;5;
27.861319;0.0;2.0841327;-2.7962933;-2.4930139;-2.6550248;1.1757987;-1.5100018;0.08984085;1.1796905;-0.41497102;0.20474303;-0.042422086;0.18572424;-0.34576902;-0.38816723;0.6993267;-0.22386128;0.09283972;0.645503;5;
29.94577;0.0;-2.1560106;4.107869;-3.921141;-4.988646;-1.1095513;0.17134319;0.15450154;0.3998055;-0.6127395;-0.64896846;-0.9206679;0.08211315;-0.44123396;0.5656379;0.066529885;0.16283454;-0.022423742;-0.044067193;5;
29.161055;0.0;3.6608548;0.49945062;5.0905485;0.20175421;-1.5907438;-0.013915789;0.4128311;-0.31526762;0.83035207;0.33121702;-0.9089468;-0.2645247;0.6943912;0.14786768;-0.3630186;0.085451275;-0.0030587504;-0.22947016;5;
26.259047;0.0;-1.1253347;-3.6512315;-1.23267;4.238744;-0.79507565;1.72899;-0.8668194;-0.11787252;-0.16073789;0.2907646;-0.16154349;0.60878193;-0.5492322;0.3177165;-0.80047244;-0.1800205;-0.3431539;-0.44676;5;
35.496784;0.0;-1.2828254;-1.2916603;-2.7415044;0.8661131;-1.6476418;-1.9518782;1.3960407;2.705633;-3.1868062;2.198266;-0.65764886;-0.46535456;-0.37772202;1.8873564;-2.5483177;0.2229928;-0.07948697;-0.7020638;6;
33.04507;0.0;0.13806978;1.2443836;-1.5259119;-2.491478;-2.2422416;0.8020442;0.24256828;-2.6201358;-3.7767463;-2.0613914;-1.512827;1.4081384;0.23799334;-0.050792046;-0.83747673;-0.36518565;-0.50489897;-0.4127543;6;
27.859129;0.0;0.35170588;1.3599961;0.9580304;-2.569101;-2.09582;-2.8736627;-0.62001836;-1.2370713;-0.3572077;-2.4227765;-1.6886538;-1.2175708;-0.64069116;0.13754989;0.0758985;-0.5459927;-0.16689377;-1.0585176;6;
26.366678;0.0;0.0780065;-1.5293378;-1.2171782;1.5851072;-1.1436825;-0.60363734;0.8105911;2.8153882;-2.8010497;1.7355052;0.04476447;-0.7217502;1.007395;1.024303;-0.3498852;0.8131746;-0.3031089;0.5261473;6;
35.033157;0.0;1.2184079;0.66388506;-0.32220054;2.034752;0.6343944;-1.063662;3.7771084;-0.19860902;-3.2023385;-2.607501;0.09878794;1.1811904;-0.713558;1.1741772;1.2824407;-0.3480557;0.7790037;0.58626866;6;
34.14275;0.0;-1.3595316;-0.54198104;2.4776254;0.7395399;1.7261592;0.9383187;-3.5056362;-1.1851629;-4.0976534;-2.5774941;-0.8478929;-1.519913;1.1437044;-0.40680698;1.3719938;0.031786386;0.8916248;-0.23493186;6;
31.21751;0.0;0.990786;-0.5288632;2.7891033;0.95928895;-1.7120897;-0.8379392;-3.0249398;-0.56472135;3.0929143;0.5935667;-0.16040418;1.2267659;-0.89917433;-2.0256097;0.24458781;1.3879303;0.9476947;-0.017541202;6;
27.236683;0.0;-0.6038105;0.86056507;-0.90701383;-1.2402682;-2.6852467;-0.26955503;0.51296407;0.4137553;0.29540616;-1.9174778;-1.7183523;-1.4946738;-1.2628613;0.21661852;-0.28320286;-0.70499593;-1.3510736;-0.7097535;6;
26.006926;0.0;-0.3716853;-0.8025594;-2.4125946;0.08503785;-0.2289989;-1.8200593;-2.0111594;1.7182188;-2.273205;-2.4307766;0.75481117;-0.5195137;-0.60270536;0.34489146;-0.56751174;-0.09231923;-0.81078315;-0.489853;6;
37.527946;0.0;0.79230124;-1.2223691;-2.655204;-1.6604326;1.0879129;-1.4736974;-1.8505238;-3.4537928;4.634729;-1.3377922;-0.28205165;1.751769;0.83073676;-0.04241592;-0.44797722;0.77954775;0.15041159;0.50780445;6;
28.056047;0.0;-0.67032754;-0.878732;-2.2883224;1.1781892;-1.6964529;-2.215439;1.3085045;1.6646167;-2.3107097;2.1092525;-1.3082178;-0.53417933;-0.56177837;0.41995507;-1.3787448;0.23816085;-0.5576657;-0.18501937;6;
27.559828;0.0;1.1538982;-0.44450536;1.6280463;0.6581173;-0.70341027;-0.40246773;-3.20491;-1.6557262;2.894246;1.4270717;0.28763223;-0.3062418;-0.9332766;-1.0189122;0.0722744;0.6008992;1.2414482;0.057500932;6;
31.831299;0.0;-0.5244651;0.50282365;-2.8911638;-1.3659282;-1.6239321;1.8977224;-1.7155449;-2.1958182;-4.3009067;1.6062492;-0.071513765;2.1001518;-0.12877849;0.5618873;0.29328763;0.9291122;0.7715475;-0.5409541;6;
27.371683;0.0;0.634082;-1.3288062;3.1384766;1.0138432;-3.1773818;0.07101533;0.018665751;1.3096806;1.4469914;-1.8846445;-0.7312682;0.47714195;-0.0048503135;0.9901707;-0.013022362;-1.4365917;-0.43507817;0.5691011;6;
33.93316;0.0;1.0710753;0.45367193;3.5604954;0.37348312;-2.3028753;-1.6890494;-3.8493166;0.16506226;4.320686;0.49425694;-1.1070417;-0.49462613;0.040902477;0.7868619;0.115600176;-1.2611105;0.63017464;0.8716755;6;
26.315426;0.0;-0.8229317;-0.36805034;2.4450903;0.668318;1.7428641;1.1906633;-2.5750055;-0.5864244;-3.2774572;-1.6768271;-1.2712771;-0.7590057;0.2082063;0.11928617;0.5539353;0.07814136;0.2146073;-0.4959386;6;
24.40606;0.0;0.16631591;-0.9559801;0.9242759;-1.7253319;1.06484;2.0644467;0.49709165;-1.0330231;-0.6811503;2.2253096;-0.80268234;-2.1441784;0.63688296;0.5678435;0.43559897;-0.48406798;-0.14876388;0.81292695;6;
36.264755;0.0;0.87627953;-0.1517619;3.2818353;-1.4257789;-1.8573447;1.4751322;-2.0340931;3.332514;1.5112458;-4.5414243;0.5941973;1.8144375;-0.87762976;0.9281288;-0.023302658;-1.2140069;-1.497386;0.22117063;6;
26.499619;0.0;-1.5903907;0.100665785;-2.730967;-0.27442235;-1.5649303;-3.1372104;1.8759654;0.44261023;-1.927804;1.1833645;-1.3836508;-1.461576;0.97616565;-0.49459305;-0.39371297;0.6648793;-0.42158705;-0.90743905;6;
30.955301;0.0;-1.3659893;-0.9419186;-3.2809;0.23858097;-1.8287085;-2.8538916;0.82777405;1.5055583;-2.8447251;0.86713177;-0.4550536;-1.0006622;-0.06524099;1.2414535;-1.9581953;-0.12219587;0.30572486;-0.8274782;6;
33.246063;0.0;0.47238067;-0.6906329;0.85843164;-2.242545;0.6071311;2.0180879;2.2675686;1.692123;-4.0563354;-0.5068967;1.6922278;-1.2893537;0.11331005;-0.3803877;0.38127816;1.4682368;0.45286825;-0.5492993;6;
36.71259;0.0;-0.521026;1.2041281;-3.1667714;-0.82730603;-0.9384379;2.2096493;-3.0458145;-2.3725307;-4.03441;3.2482407;0.4539469;1.319658;-0.45133415;1.0747712;0.93994117;0.49642503;-0.2841032;-0.2872983;6;
30.615688;0.0;-0.48093486;-0.67983997;2.8360894;0.3049218;-4.242697;2.028667;2.1937554;-0.45791656;-0.9811197;-0.25732642;0.40932176;1.4266977;-0.26228836;-1.8371773;-0.2503436;1.062774;0.78887105;-0.62828904;6;
27.650309;0.0;-0.9671946;-0.49181274;-2.584327;0.56441057;-2.486372;-1.7583008;1.1290836;0.4678845;-1.8081152;1.5750335;-1.5024228;-1.1883752;0.91393894;-0.2588302;-0.8310295;1.4275796;-0.98236006;-0.5810283;6;
25.943157;0.0;-0.12406599;0.670124;-1.4936073;-1.6235269;-1.6374247;0.777553;0.23209788;-2.1037157;-2.9593787;-1.8018813;-1.7032622;0.5155085;-0.97729784;0.24001569;-1.0854518;0.49809414;0.18276595;0.3947424;6;
16.641148;0.0;-0.69773656;0.8099388;-0.3152247;-3.4362333;1.2594688;1.1416454;-0.44549984;0.07626642;0.20771304;-0.6235984;0.15764101;0.855104;-0.6561087;-0.31929782;0.4948232;0.031122092;0.37722653;-0.095088795;7;
20.485674;0.0;0.6618575;-0.2938837;3.4565592;2.4186242;1.4294361;1.7357786;0.47497076;0.28141886;0.017017243;-0.16221154;-0.09321519;0.22945373;0.05479631;-0.12202328;0.52265155;-0.40372407;0.17082094;-0.14260083;7;
19.642038;0.0;0.40435666;1.3330797;-3.908006;0.45182893;0.0071120057;-1.9205735;0.3281232;-0.13908617;-0.2195565;0.52676135;-0.49681222;0.13065219;-0.26156428;-0.25485274;-0.18074094;0.27333608;-0.45916077;-0.34295368;7;
15.626171;0.0;-0.6625764;-1.3576819;-2.6954827;1.5586232;1.576103;1.3639758;0.47176206;-0.3297789;-0.15787101;-0.15250598;0.14999303;0.15544254;0.38264367;-0.30819863;-0.47362012;-0.3458596;0.5439695;0.2710699;7;
15.296188;0.0;-0.97135466;-0.32632953;0.5178096;2.7348263;1.0033444;-1.4421959;-0.34214157;0.44935295;0.49575296;0.07514515;-0.46242025;-0.4013637;0.44255492;0.16969012;-0.54873204;0.21043772;0.7636283;0.018947002;7;
14.181217;0.0;-0.9064;0.21049196;2.873349;-0.5983743;-1.4092948;0.41743028;0.6071959;-0.21563013;-0.33857217;0.4652419;0.61197716;-0.50928813;-0.28995404;0.112836145;-0.12517607;0.2612004;0.30175522;-0.66440696;7;
16.240406;0.0;-0.88444924;0.46556544;1.3197565;-3.0637598;0.19939093;1.7537143;-0.32950565;-0.46171844;0.890489;-0.182132;-0.9240698;0.18787846;0.6124379;-0.19014457;-0.35267213;0.21081598;-0.09230356;0.5635538;7;
18.83944;0.0;1.08481;0.05917352;1.9921368;2.819516;0.028181361;2.0236535;0.13887803;0.45809796;-0.12050377;0.052513424;-0.354335;0.06033251;-0.18175358;-0.2368961;0.57313836;0.42766586;0.25331137;0.6260453;7;
14.163103;0.0;0.1978044;-1.0446358;-3.245709;-0.28618008;-0.35837758;1.7324389;0.7263823;0.5734495;0.030235637;-0.4444626;-0.36390835;-0.13805453;0.07732499;0.35850266;0.26511574;0.4692364;0.22811583;-0.39388406;7;
16.604889;0.0;0.40178666;-1.1455321;-1.5357604;-2.7083259;-1.7971042;0.12733085;-0.3625009;0.59782934;0.14903234;0.52183115;0.443494;-0.10906802;0.076779634;-0.4923761;-0.120783426;-0.36437902;0.24540117;0.060460567;7;
19.768688;0.0;-0.12625752;-0.9814932;-3.3626177;1.3952156;0.8496329;1.7986684;0.55145097;-0.13224502;-0.6962988;-0.796432;-0.16093706;0.5670307;0.37307206;0.23357779;-0.2479005;-0.110199966;0.8282479;-0.019669285;7;
19.267006;0.0;-0.58949953;-1.0830078;-2.2410362;2.6891212;1.7224572;1.0085171;-0.06996897;-0.6280155;-0.66774803;0.33038288;0.46295872;0.31329504;0.46918255;-0.5288004;-0.2812868;-0.043602705;0.0033463903;-0.11298477;7;
20.536587;0.0;-0.6846219;1.0191815;-2.3158684;-2.4646199;1.9694058;-0.9029838;-0.09536924;0.8934782;-0.70523125;-0.103197865;0.1566578;-0.25254264;0.08473689;0.2844518;-0.016036509;-0.005640919;0.06265825;0.64341915;7;
17.336176;0.0;0.67424774;-0.48887494;-0.53815293;-2.8983176;-1.6316491;-0.6886986;-0.4635152;0.33186904;-0.17340828;1.0039703;0.4719519;0.723627;0.7390017;0.23123798;-0.0019533604;-0.417939;-0.23120764;0.09473373;7;
17.298244;0.0;0.19934955;-1.0925217;-1.877083;-2.5069237;-1.8823742;0.3586232;-0.048369918;0.4719175;0.36638147;0.31352517;0.54414636;-0.3175496;-0.003366163;-0.40840676;-0.105116665;-0.15690391;0.5183491;-0.38276777;7;
14.103917;0.0;-0.02237882;1.4831218;-2.8669765;-0.10578338;0.2353895;-1.6754711;0.21393012;0.41651434;-0.42027682;0.019852668;-0.2294525;-0.13751878;-0.15288892;-0.31584537;0.3493046;0.13711202;0.06368564;-0.0076346532;7;
15.371405;0.0;-0.7166;0.5004413;1.9618536;-2.738111;-0.029888649;1.1561767;0.22057904;-0.062676124;0.3243916;-0.5211071;-5.16587E-4;0.036620405;0.25405046;-0.012358257;-0.018147698;0.0073102503;-0.39639917;0.27303284;7;
13.668015;0.0;-0.3308952;1.6347797;-2.9475126;-1.7510334;1.360377;-1.5038869;0.20088746;0.47172698;-0.48909846;-0.15817517;-0.08146754;-0.3318349;0.44522396;-0.052440338;-0.5617126;0.3228823;-0.033181123;-0.5063286;7;
19.12591;0.0;-0.8429133;-1.3449507;-2.1130576;2.7816842;1.9619354;0.6316152;-0.03781699;-0.4121072;-0.5660204;0.1307635;0.65056175;0.53118664;0.11753262;-0.4729387;-0.25893503;-0.42982146;-0.33876085;-0.26634988;7;
16.056366;0.0;0.8850938;0.8776694;-0.86951256;2.7774963;-1.5180396;0.4655924;-0.42576984;-0.16077447;0.32499766;-0.53498715;0.5509747;-0.2673676;0.4531559;0.07348853;-0.33802834;0.22957492;0.37089628;-0.12874983;7;
15.435296;0.0;0.07183615;1.1032255;-3.0299203;0.23051085;-0.14903855;-1.5200969;0.33012682;0.11859565;0.033149425;0.32302824;-0.5127224;0.17309569;-0.25435948;-0.48611343;-0.009903229;-0.049342565;0.007788695;-0.34062776;7;
17.174652;0.0;0.708233;0.91346645;-2.1761818;2.6852646;-1.6185973;-0.64139795;-0.3071524;-0.35274294;0.8422135;-0.44931802;0.6293789;0.45984983;-0.07162896;0.75261027;-0.3622694;0.2988214;-0.15367563;0.34844574;7;
15.550199;0.0;0.4035749;-1.1887622;-2.0200999;-2.7129521;-1.5338427;0.1470682;-0.08151732;0.031565346;-0.10345586;-0.24034098;-0.23966996;-0.14953698;-0.27086663;0.064454086;0.050082494;-0.08881327;0.14450875;0.20878302;7;
16.030342;0.0;-1.078731;0.42895222;1.8000461;-2.7270303;-0.06844384;1.8762474;-0.18726198;-0.85328;0.69537914;0.14879645;-0.8876178;-0.26416582;0.5576446;0.082793;-0.34889495;-0.10476616;-0.3168532;0.3282336;7;
17.635502;0.0;0.117188305;-1.0565252;-3.581048;-1.0290768;-1.06748;1.7295135;0.5177666;0.55592936;0.21185844;-0.08354686;-0.3469604;-0.35164168;-0.50848097;0.09107189;0.010287657;0.006479064;-0.32591787;-0.1907535;7;
5.061936;0.0;3.5987048;0.029062612;3.5364532;-0.004431636;3.9102108;-0.003288141;3.8403971;0.018930312;3.832771;-0.12150542;3.6252532;0.16272065;0.0;0.0;0.0;0.0;0.0;0.0;8;
7.3695445;0.0;2.8226812;-0.011155239;2.9959526;0.008325593;3.0573266;-0.097451404;2.931109;0.06793587;3.0606406;-0.18090442;2.9793272;-0.061373424;3.0242395;0.04155537;3.1543748;-0.25695798;3.301394;0.01064866;8;
4.4087324;0.0;-0.19681485;-1.7764325;-1.4851472;1.0417689;1.3927289;0.9426476;0.4781983;-1.6633705;-1.7196863;0.15607883;0.8210943;1.444878;1.2319047;-1.1373788;-1.5549084;-0.657164;-0.14943762;1.7620803;8;
1.504644;0.0;-0.24097374;0.102365606;-0.047310207;0.1479149;-0.25825036;0.068009175;0.18781096;-0.027914325;-0.10060084;0.086561434;-0.114798576;-0.07986305;0.042759106;0.04398276;-0.028024418;-0.15011613;0.0;0.0;8;
4.1735373;0.0;2.370131;-1.2395806;1.6018239;-2.4165998;0.42575905;-3.1224496;-1.1715478;-2.6454964;-2.201335;-2.0474503;-2.8615994;0.0;0.0;0.0;0.0;0.0;0.0;0.0;8;
1.9778347;0.0;-0.20992485;0.105795704;-0.20877548;-0.17590283;-0.15128537;0.17822568;0.14599831;-0.12460426;-0.14004049;0.1638961;0.098621756;-0.15779814;-0.057131767;0.012638738;0.08728718;0.058317363;-0.07550127;-0.04305982;8;
3.749903;0.0;2.1670709;-0.9488865;1.7580788;-1.9523941;0.64389366;-2.2848806;-0.18402168;-2.6514144;-1.1828705;-2.185214;-2.2688453;-1.3959466;-2.5582573;0.0;0.0;0.0;0.0;0.0;8;
9.077472;0.0;3.6719177;1.634894;3.22146;2.6917408;2.2245739;3.5624144;0.9478037;4.11492;-0.3742702;4.288273;-1.8222367;3.8420985;-2.8673658;3.22801;-3.578291;1.8982391;-4.3615603;0.0;8;
4.5907645;0.0;1.3531519;-0.64516044;0.68840766;-1.2183597;0.15862107;-1.6230557;-0.75247157;-0.96440816;-1.0523381;-0.32002395;-0.9541202;0.104037076;-0.20638953;0.528581;-0.23734482;0.19136906;0.0;0.0;8;
18.036945;0.0;4.8244543;3.808507;1.4254522;5.835405;-1.4682456;5.128566;-3.4253075;2.6131246;-3.3245697;0.4320149;-1.4760275;-0.79978174;0.11325671;-0.39982802;0.56688666;0.7905044;-0.5976328;1.2436101;8;
13.42678;0.0;3.6528637;2.4468002;1.5968838;3.846475;-0.8776019;3.3744369;-2.3433383;1.6218219;-2.002766;0.14053074;-0.82351315;-0.8222865;0.38746274;-0.6407182;0.82751507;-0.2928087;0.7152356;0.90579766;8;
1.9680588;0.0;-0.2494376;0.07644959;-0.038260583;0.054736353;0.074939094;0.041894678;0.026828285;0.0727463;-0.030476555;-0.18210784;0.045778416;0.10832243;-0.12790653;-0.20393631;0.14882311;0.13990046;-0.05246399;0.009598849;8;
7.8342953;0.0;2.8126218;-0.8339042;2.4233732;-1.7941395;1.7909989;-2.0771117;1.0431031;-2.5674593;0.37629312;-2.4515102;-0.24440412;-2.246676;-0.88483363;-2.0577672;-0.95457137;-1.2008885;-1.229289;-0.9289296;8;
9.531847;0.0;-0.55200154;3.5778363;-3.6278138;-0.6316264;1.0878137;-3.0922456;2.5450377;1.1645238;-0.70537347;2.1614149;-1.1754211;-1.0365777;0.7479344;-0.6430689;0.21795636;-0.031363394;0.04960001;-0.07234394;8;
1.7039905;0.0;-0.11382111;0.13485005;-0.055183057;0.12228744;-0.21077992;0.010066024;-0.21799505;0.02214234;-0.1704347;-0.11033734;0.13323689;-0.19783387;0.18724576;0.025978116;0.09274799;0.09376929;0.10481156;0.19108295;8;
1.6862208;0.0;-0.2421259;0.30105135;0.29848757;-0.09410579;0.07579844;0.056950007;-0.10476845;0.114580765;-0.04888485;-0.06268305;-0.07499405;0.045100775;-0.049856964;-0.11105144;0.053234037;0.0;0.0;0.0;8;
1.6288369;0.0;-0.005430621;0.10495453;-0.087856084;0.033965915;-0.05084837;-0.071809195;-0.04864788;-0.060463145;-0.13921137;0.008582954;-0.14251325;0.11163107;-0.07479425;0.10571036;0.0;0.0;0.0;0.0;8;
2.071396;0.0;-0.059660867;0.14246473;-0.29159823;-0.1804559;0.04528093;0.07518657;0.048194453;-0.034849074;-0.07176334;0.046680003;0.002531356;-0.05257325;1.9251097E-4;0.017223874;0.048011072;-0.052395232;-0.004006071;0.06137206;8;
12.668932;0.0;5.175315;-0.885901;4.5360594;-1.5182209;4.2348084;-2.31101;3.123043;-3.060677;2.2659051;-2.5771613;1.8273828;-2.7884915;1.3349406;-1.9748592;0.8673256;-1.5479596;0.6743193;-1.512339;8;
1.4965659;0.0;-0.18230113;0.2523394;0.23911719;0.042319298;-1.2721473E-4;0.052567676;0.026018407;0.018288162;-0.044729628;0.030178485;-0.01135454;0.0128828;-0.024906257;0.0;0.0;0.0;0.0;0.0;8;
8.379503;0.0;3.7697823;-5.3703837;-2.0351553;-6.0886207;-6.0709443;-1.8277538;-5.107709;3.8103302;0.11663504;6.466825;5.33047;3.7268634;6.1720433;-2.016893;2.0045304;-6.2131453;-3.862514;-5.239237;8;
1.9673979;0.0;-0.019276436;-0.098768786;-0.16570416;-0.09186279;-0.075998925;0.19915132;0.033541285;-0.1927328;0.009621321;0.08272147;0.03586121;0.111166045;-0.088305704;-0.06975345;0.0015842825;-0.050081905;0.08509232;0.047883272;8;
1.7519164;0.0;-0.108552344;0.026938563;0.14969738;-0.018511474;-0.1019116;-0.021313973;-0.006266391;0.08014211;-0.025735373;0.058913324;0.15340555;0.047661696;0.024929456;-0.10853373;-0.02002942;0.083225474;0.0;0.0;8;
8.668212;0.0;6.978732;0.03197636;6.9515414;0.2898097;6.8807793;0.09934459;7.1068144;-0.061164424;7.0749025;0.15170237;7.007191;-0.1005784;6.9769506;-0.020381453;0.0;0.0;0.0;0.0;8;
1.877103;0.0;-0.1732585;0.069743216;-0.32021135;-0.050620493;0.15758045;0.058377102;-0.105714;-0.06706103;-0.04114228;-0.0034977624;0.09395036;0.0057608364;-0.08616405;0.025797708;0.041277856;-0.0013402754;-0.030606464;0.019077424;8;
20.795345;0.0;-0.16406383;-0.09945301;0.20654115;0.18744096;-0.21828124;0.18912224;-0.18929356;-0.13879927;-0.013079197;-0.11417012;-0.15601516;-0.0047876756;0.05269063;-0.107733384;-0.1004999;0.13224307;0.28440496;0.16859874;9;
17.744043;0.0;-0.43210742;-0.015347158;0.40052524;-0.16058223;0.09582708;-0.042086665;0.40760547;-0.06558757;0.034893867;-0.28515768;0.06245954;0.11447783;-0.029253408;-0.096536286;-0.09823294;0.10678139;0.05061606;-0.13904773;9;
16.135231;0.0;0.21108027;0.47031108;-0.027796753;0.03715794;-0.11344489;0.034903266;0.027087012;-0.12940744;0.1553999;-0.16847117;0.13446401;-0.0872381;0.03160858;0.36838108;-0.046272118;-0.03673287;-0.1913082;-0.33637473;9;
14.770626;0.0;-0.5879185;0.33108583;0.21665342;-0.07940075;-0.18527396;-0.04149196;-0.017370947;0.12268226;-0.044559013;-0.12713127;0.15289222;0.20926206;0.25027514;-0.051332053;-0.03202365;0.075354956;0.17494048;-0.027378775;9;
20.208723;0.0;-0.27657735;0.033173364;0.05126226;0.14218464;-0.18791868;0.14197303;-0.23987271;-0.14058577;0.024876961;0.009704423;0.0305053;-0.019009905;0.12756379;-0.16478449;-0.24662226;-0.007961611;-0.024243502;0.28061846;9;
18.378845;0.0;0.021867255;-0.29170865;-0.041609295;0.3601937;-0.04828186;0.19594774;-0.35056028;-0.06479609;-0.15348436;-0.18499255;-0.005196701;-0.025423825;0.14000106;-0.094184816;-0.0943075;-0.1600675;0.0018219384;0.30634668;9;
17.926285;0.0;-0.13795449;0.24808076;0.25721654;0.09066131;0.009578041;0.25628516;-0.27295074;0.12658943;-0.060848404;0.051879056;-0.27537575;-0.12693216;-0.10806162;-0.14709716;0.13800012;0.089727394;-0.04020441;-0.25919312;9;
20.239998;0.0;-0.14792815;-0.16083567;0.09121446;0.28809142;-0.08821442;-0.031918075;-0.29855317;0.37606215;0.066061266;0.10702329;-0.044541284;-0.069513634;0.29683933;0.06491784;0.029731166;0.17186238;-0.1106412;0.16092864;9;
21.545414;0.0;-0.006317384;-0.09127326;0.05949822;-0.062005475;0.041533068;-0.24529521;-0.12217046;0.23068033;0.027718674;0.018486189;-0.018051142;-0.07291519;0.14160511;0.2623294;-0.053233024;0.05557708;0.089367285;-0.011197473;9;
14.797459;0.0;0.10968898;-0.23741113;-0.15461673;-0.16181219;-0.20655678;0.075337805;-0.20504665;0.040265128;0.11757767;0.12621202;0.15984966;0.02364227;0.10580614;0.26679444;0.025192402;-0.04999792;-0.01765236;-0.24860798;9;
18.26714;0.0;-1.099642;-0.20712833;-0.043154962;-0.27939495;0.070937864;-0.04799399;-0.30437508;-0.016323917;0.12533219;-0.12248437;-0.2607045;0.14507174;-0.023652226;0.2733155;0.0054711383;0.12866524;-0.13250934;-0.10023267;9;
17.207773;0.0;0.16118152;0.9477369;-0.022916634;-0.1071664;0.2695728;0.14933752;0.43723652;0.07864646;0.03357638;0.1303109;0.071686454;-0.06474294;0.047421064;0.14146185;0.17120963;0.016219877;0.048538785;0.02535579;9;
20.534554;0.0;-0.6364752;-0.015101571;0.19079171;-0.1604092;-0.06555248;0.0063487343;0.30844304;-0.23083547;-0.13968919;0.03359009;-0.08772914;0.024813864;-0.0668664;-0.22365813;-0.020267846;0.09609999;-0.16730861;-0.19205639;9;
20.182934;0.0;0.084726185;-0.20312752;0.025369806;0.023398465;0.17155215;0.12564145;-0.039960034;0.24839865;0.14766611;0.19857028;0.02389903;0.25456983;0.06182268;0.12710239;0.10004239;0.392753;-0.23171182;0.13236158;9;
18.485495;0.0;0.34689674;0.3113568;-0.36231884;-0.06282746;-0.22699115;0.042558536;-0.019083325;0.33450702;0.12489613;0.07934857;0.18789771;-0.07469584;-0.22333397;-0.06705362;-0.019616554;-0.20341301;0.26894102;0.053303447;9;
19.147398;0.0;-0.28987548;-0.5628028;-0.19085906;-0.1473429;0.19707383;0.18372124;-0.14326595;0.12791593;0.024298038;0.120666154;0.026263192;0.056744758;0.0467165;0.04108995;0.1219712;-0.023093285;0.16927908;-0.15790321;9;
14.719742;0.0;0.14345266;-0.23835553;-0.3301135;-0.08143514;0.08334895;0.024412513;0.08934923;0.0718288;0.0021130638;0.38633806;-0.07401686;-0.2797516;0.18420753;0.10651735;0.16634773;0.088332534;-0.10115455;-0.16504647;9;
16.801039;0.0;-0.9446239;0.18534425;-0.14457913;-0.2618436;0.022255031;0.049431536;0.095993266;0.049866736;-0.1353657;-0.2991638;-0.05816598;0.18728451;0.091069885;0.106638946;0.1623535;0.09756758;0.042796645;0.06659661;9;
21.060284;0.0;0.09355588;0.19494762;-0.27286178;0.39127964;0.12437766;0.054003645;-0.105354816;-0.17001425;-0.021535998;0.030060122;-0.09241469;-0.06277921;-0.29910904;0.07263758;-0.21696752;-0.023920018;-0.034514293;-0.18531969;9;
20.345976;0.0;0.33405524;-0.15997893;-0.003324029;-0.0826679;-0.2352867;0.12885995;-0.054979756;-0.12271738;-0.094144635;0.0264636;-0.1846712;0.07577317;-0.044008553;0.03125093;-0.06421748;0.023682151;0.057922397;-0.062444165;9;
13.8769045;0.0;0.45653325;-0.24422911;0.11601106;-0.59116936;0.19987188;-0.04831386;0.10703399;-0.212975;-0.39068666;-0.42356828;-0.047512006;-0.18534753;-0.39905223;-0.07447498;-0.062444884;-0.1409662;-0.22726618;-0.14653637;9;
16.994947;0.0;-0.29129916;0.4308947;0.2783102;-0.21535681;0.19928984;-0.19302851;0.04767488;-0.3278899;0.04213153;-0.25872558;0.18472366;-0.20794095;-0.0573964;-0.113872305;0.27768677;0.054755572;-0.18583329;-0.013504218;9;
17.589828;0.0;0.34735897;-0.9462;0.09398739;0.16473448;0.25663337;0.23786195;0.15984143;0.05127847;0.18784925;0.10386505;0.21851338;0.116130956;0.15686223;-0.1600882;-0.18300642;0.2549298;-0.07039521;0.108395934;9;
14.283816;0.0;-0.060993522;-0.013547047;-0.61374974;0.22984831;0.0064119985;0.26232252;0.006382615;-0.083435364;-0.2322737;-0.1683024;-0.20868148;0.083022274;0.13387853;0.17081606;0.15762089;0.13363425;-0.28608176;0.08774135;9;
16.335306;0.0;0.20433792;0.6411778;-0.10010204;-0.20655617;0.13950662;-0.18045907;-0.06253641;-0.17756796;-0.049762197;-0.08930114;-0.22957605;-0.2526765;-0.035161234;-0.029765988;-0.23116268;-0.106757894;0.12541069;0.17936566;9;
