250;32;10;
9.047792;0.0;0.042129457;0.1213035;0.83791953;0.7434613;0.42052802;0.94377005;-0.13149264;0.0012466214;-0.1926261;-0.0015214854;-0.30243164;0.08812548;-0.020652685;0.17040996;0.059714828;-0.12539926;-0.029720597;-0.25890768;-0.10357114;0.21784021;0.09526667;0.22883193;0.016951857;0.009618925;-0.120359495;-0.07108121;-0.30929992;1.14161514E-4;-0.14446384;0.15858817;0;
8.142684;0.0;-0.17752403;-0.12882957;0.31296578;-0.8336322;0.18629201;0.4952063;0.27517113;0.11741587;-0.11068241;-0.07840794;-0.19608152;0.18906808;-0.24069035;0.28263965;-0.06073797;0.3844826;0.00551844;0.085209824;0.13071984;-0.07385543;0.030634142;-0.17024304;0.0020239144;-0.040510397;-0.12238199;-0.14612544;-0.094873354;-0.009537752;-0.08447228;0.030749494;0;
6.897279;0.0;-0.25075194;0.6861703;0.22908309;-0.60745233;-0.10223979;-0.4559601;0.4074647;0.30284056;-0.048367806;0.104248695;-0.29349208;0.24583961;0.1070839;-0.33859968;0.061235387;0.16860263;0.10380966;0.19011122;-0.2582721;-0.19354619;0.3102297;0.059274808;-0.18860666;0.075524226;-0.07442826;-0.09914761;0.008583108;-4.1147327E-4;-0.021349067;-0.1070819;0;
7.5666347;0.0;0.060775638;-0.21250947;-1.0435903;-0.23111053;-0.06220637;0.6735487;-0.25426996;0.038901694;0.17162558;0.010390176;-0.17788061;6.807713E-4;0.06881913;-0.05423526;-0.027065307;0.069482006;-0.020871421;0.22867085;-0.053384934;0.05411472;0.06726445;-0.17286134;-0.04961353;0.05739982;-0.010033676;0.0643468;-0.18613678;0.10336777;0.28062773;-0.12943013;0;
6.3739076;0.0;0.16346565;0.2016884;-0.34454778;-0.28504094;-0.42129257;0.18202312;0.025407454;-0.32546937;-0.18811949;-0.16510561;0.049653113;-0.03742055;-0.1185494;0.15734851;0.14317083;0.03460766;-0.18878596;0.035863947;0.09801277;-0.009467847;-0.1463763;-0.07085472;0.14220922;-0.042472396;0.0013198506;0.067327976;0.039890703;0.050717436;-0.10176705;0.13374308;0;
7.5479136;0.0;-0.29652548;0.24164508;-0.58215237;0.13990645;-0.3097939;-0.5083045;-0.24263711;0.21957725;-0.13069451;-0.14294143;-0.25137195;0.09179614;0.045480397;0.18821304;0.08511199;-0.056806393;0.14012165;0.10315708;0.1343597;0.13655606;0.03463113;-0.10583593;-0.11874268;-0.033416398;-0.02999702;0.09789596;-0.018619534;-0.09240392;0.14191577;0.015723862;0;
7.946055;0.0;-0.36753035;-0.10122418;0.5667599;-1.1500479;-0.050693553;0.7811575;0.03132188;-0.11776371;0.2278057;0.2064317;-0.3270061;-0.12157941;0.21371302;-0.028917912;-0.24916892;-0.05936455;0.05844319;-0.44086245;0.14767632;0.23625427;-0.22623721;-0.32332784;0.29779273;0.13739064;-0.3660578;-0.027475754;0.07106886;-0.080586515;-0.48901403;0.15167953;0;
6.227477;0.0;-0.37722284;0.10007225;0.54924136;-0.46511734;-0.16101259;0.53487796;-0.0020254536;0.053194314;0.09959236;-0.16418874;0.018832756;-0.13774727;-0.025639573;-0.03865012;0.11477937;0.04858131;0.03059386;0.24990062;0.1848139;0.17840837;0.09708629;0.17605323;0.031631984;0.20828669;-0.023668323;0.008541654;0.122789755;0.07401622;-0.07697908;-0.02644641;0;
7.017236;0.0;-0.07880744;0.7626905;-1.5620891;-0.1900315;0.25692332;-1.1077629;0.31358248;0.43151918;-0.45624283;0.15313141;-0.20267513;-0.59886456;0.37385684;-0.06613345;-0.15137193;0.47243482;-0.6096326;-0.3288665;0.26370525;-0.3587891;0.21955702;0.4895285;-0.60686487;0.40452412;0.021511437;-0.5863966;0.7175025;-0.17155272;-0.11078234;0.790045;0;
17.15998;0.0;0.97987425;3.2904685;-4.0747786;3.586661;-4.89945;-1.8312513;-0.8870565;-3.1703625;1.9691958;-2.0643358;2.5729823;1.1184225;0.27517602;1.9437072;-0.46113196;0.42941627;-0.3535603;0.41610068;-1.0629436;0.07497847;-0.7846336;-1.2123193;0.5277489;-0.97035503;0.699855;-0.23036614;0.8391008;0.65045965;-0.2860512;0.9165088;0;
10.066417;0.0;-0.4053812;-0.686717;-1.1502262;1.9186528;1.8525906;0.33896244;-0.30580148;-0.84254324;-0.7230393;0.55833983;0.7944704;0.3261441;-0.15560044;-0.50604886;-0.3338524;0.07421744;0.24300885;0.1236251;0.05560322;-0.11060391;0.13423723;-0.2517063;-0.29612923;0.06430134;0.2842391;0.5368726;0.6841421;-0.43972912;-0.89609385;-0.2583889;0;
7.041183;0.0;-0.26641932;0.25350636;-0.3692;-0.7806634;-0.40793636;-0.02183586;0.26584744;-0.13138424;0.025774991;-0.020208778;-0.033830356;0.20687027;-0.20169106;0.05687815;-0.016966064;0.29476276;0.064724445;0.03152459;0.09683063;0.13863683;0.18440627;-0.05072997;-0.0127399685;0.090759575;0.079816744;0.022497417;-0.05039957;0.05262736;0.1391984;-0.097383834;0;
12.852577;0.0;-0.3585799;2.0386872;-3.6501155;-0.733894;1.3681527;-3.195955;1.6912992;0.7925809;-0.97854364;0.9525388;-0.70860153;-1.1718348;0.74501806;-0.8707683;0.5194848;0.28108394;-0.018645037;0.8937279;-0.8334702;0.35220537;-0.73568666;-0.9130337;0.8328592;-0.9078259;0.6706285;0.98583657;-0.86855793;0.5370812;0.085713506;-0.94115686;0;
7.8116326;0.0;-0.5725943;-0.09971573;-1.0760599;-0.6387647;-0.34574425;0.7639063;0.5037604;-0.22686844;-0.16062477;-0.43833303;-0.31510296;-0.104637854;0.00930103;0.48051503;0.51645124;0.2106138;0.12289358;-0.69271326;-0.38597262;-0.14554948;-0.4548504;0.468158;0.50473666;0.38004994;0.18257657;-0.37643015;-0.36764047;-0.3625806;-0.33120948;0.34405008;0;
9.342844;0.0;0.60436565;0.03449496;1.6677877;-1.2215018;1.1638381;-1.4334352;0.5476838;-0.5993365;0.29630172;-0.8067411;0.01609136;-0.78020585;0.07242394;-0.7132871;0.011268347;-0.51343036;-0.26950666;-0.61949563;-0.38899896;-0.36144987;-0.17484516;-0.46471187;-0.5326481;-0.16673997;-0.33231854;-0.35506576;-0.45530438;-0.11779481;-0.47803396;-0.2958471;0;
7.176448;0.0;0.022988489;0.5039148;-1.317379;-0.4458029;0.30963552;-1.0527687;0.5123311;-0.099259935;0.0060192603;0.7785813;-0.67696285;-0.06686722;0.029215567;-0.8441544;0.6555372;0.21538557;-0.16718727;0.7350873;-0.6462984;-0.24024867;0.093001366;-0.6455191;0.67811364;0.10475434;-0.13726558;0.6243861;-0.731718;-0.08968667;0.14217915;-0.6435813;0;
5.9372835;0.0;-0.05300131;0.24428998;-0.24190693;-0.6242955;-0.39757964;-0.19355513;0.30439714;-0.35335243;0.04268394;-0.1983636;0.120417304;0.08670541;-0.36664423;-0.0073530218;-0.04998507;0.12979491;-0.04807123;0.22002397;2.2223273E-4;0.20808159;0.014516627;0.20313044;0.04326863;0.052177522;0.03501565;-0.06323114;0.024797529;0.028175276;0.036763806;0.053013656;0;
10.524935;0.0;0.25703585;0.7954964;-0.20850377;2.0516942;-1.5978143;1.5295414;-0.9920225;-0.18805446;-0.5647925;-0.7777596;0.20788555;-1.1059127;0.67172676;-0.7958583;0.9917106;0.24908632;0.7929664;0.714857;-0.12179203;1.0074562;-0.62971884;0.63073856;-0.8265881;-0.13348213;-0.32469288;-0.46094662;0.30950472;-0.7583526;0.3761626;-0.34393302;0;
7.879567;0.0;-0.4811747;-0.042037286;-0.78753775;-0.13619612;-0.13847116;-0.34979585;-0.30921853;0.27049726;-0.058873348;-0.2669175;-0.13130584;0.0976517;0.18914287;0.25532216;0.01822438;0.03723193;0.042116053;-0.07822315;0.06317021;0.09121304;0.12294305;0.05530656;-0.1093791;-0.14636642;-0.07880901;-0.18787897;0.015519728;0.2708453;0.10046069;0.118108496;0;
7.1153126;0.0;-0.07926534;-0.047805365;-0.7215574;-0.7544084;0.2513152;-0.40678906;-0.012467467;-0.074806675;-0.11250867;0.047211614;0.02569775;-0.06535616;0.10773282;0.010194732;-0.10455519;-0.12547038;0.06437143;-0.023593772;0.1210275;0.22051436;-0.08631908;-0.067463934;0.032739244;-0.12364283;0.12823299;0.01719384;-0.05583581;0.15530019;-0.053506367;-0.10345078;0;
6.506467;0.0;0.36100566;0.050663754;-0.81542474;0.5360415;0.020773849;0.1434048;-0.10686769;0.08279881;-0.15475032;0.050559867;0.055624407;-0.0048983754;-0.09796956;0.041919697;-0.070486315;-0.09043966;0.19360249;-0.14758842;-0.049725827;0.22381845;-0.14566332;-0.0016901239;0.22697026;0.0255086;-0.07300474;0.10761379;-0.09975792;-0.0409563;0.037932836;0.0030427892;0;
7.085891;0.0;0.093590766;-0.06362157;0.8066387;0.5469627;-0.004077258;-0.4768084;0.19484814;-0.3971423;0.22214758;0.008988015;0.15895732;0.07794779;0.0695776;0.056657787;0.23113412;-0.2773801;0.29434386;0.12770566;0.1853943;0.10814669;0.24768473;0.24583657;0.29984072;0.07721988;0.3523536;0.066328116;0.18823099;-0.06756521;0.085311286;0.016293729;0;
7.732382;0.0;0.09040001;0.3374115;0.17185375;-0.73819315;-0.5213049;-0.3477301;0.28424618;-0.15775505;0.15122935;-0.08821921;0.058671676;0.20770793;-0.2208502;0.020393211;0.15726323;-0.05212739;0.19446826;0.122969076;-0.19550426;0.20314293;-0.18748271;-0.33385193;0.041642264;0.030115133;-0.20129304;-0.095435925;0.09374777;-0.023136651;-0.039058138;0.013971461;0;
5.8983674;0.0;-0.04973824;-0.18957281;-0.27756158;0.71938735;0.5682757;-0.14078988;0.16273025;-0.041678097;0.05202226;-0.0066528334;-0.04294282;-0.1807295;0.120086096;-0.014225307;0.056935783;-0.12638324;0.09261741;0.1705396;0.11454919;0.08907531;0.020536581;0.03240021;-0.048983764;-0.05110492;0.12397903;0.0621841;-0.05177856;-0.03206308;0.065919735;-0.01756627;0;
8.301811;0.0;0.20691544;0.10887684;-0.09707276;0.9223448;0.19884832;-0.54488343;0.3211009;-0.16174668;0.045544334;-0.11856348;-0.17057693;-0.08141425;0.14176743;-0.16409642;0.19106883;-0.10933017;-0.07086305;0.06876881;0.007091213;-0.05933813;0.118973665;-0.05062329;0.17307468;0.0062128515;0.13399547;0.11887744;0.14674056;-0.0167961;-0.05797872;0.115602545;0;
18.68583;0.0;0.089872174;0.0302415;1.4975324;0.806222;-1.1748332;-0.39383116;-1.0430735;-0.100889295;-0.3173838;-0.6580583;0.5018617;0.25743464;0.66475296;0.24323615;-0.34426975;-0.09782245;-1.0264785;-0.6783811;-0.83815235;-0.037612714;-0.7520213;0.38964748;-0.26231384;0.07963703;-0.112255044;0.27762613;0.27541995;0.677008;-0.11289616;0.23718898;1;
20.500357;0.0;-0.2843851;0.6194919;1.3317124;1.4741986;0.5523526;1.7288281;0.2815391;-1.3791324;-0.6803567;0.60562146;-0.5513321;0.8536884;0.6287094;0.08497667;0.21872117;0.81403244;-0.20216243;-1.2968211;0.40802857;0.625576;0.7293458;-0.45594743;-0.6235425;0.044745754;-0.12130379;0.65294695;0.5452794;0.019505316;-0.66621375;0.3055483;1;
22.84167;0.0;0.66875684;-0.7156203;-2.7142823;-0.02508932;0.25574765;-2.1333754;-1.7949296;-2.6695087;-2.460863;2.2687626;0.7754062;1.735626;-0.03144245;0.25983235;-0.29253358;0.5214265;0.016803896;-0.25732863;0.63135904;-0.75212234;-0.7407536;0.041729014;-0.47308227;-0.34446514;0.069210656;0.36434466;0.46148628;-0.12562743;-0.025836516;-0.6948733;1;
22.542437;0.0;0.6017618;-0.40493006;-2.303703;-0.09077264;-0.9925374;-1.7880913;-2.03533;0.66675544;0.7861729;2.0131798;0.032092173;0.4718559;0.2528641;0.46559045;-0.21782108;-0.07820528;0.5552017;0.5354657;1.0665404;-0.89396983;-0.8964665;-0.32154116;0.1904635;0.9229821;0.77894455;0.25612023;-0.27623206;-0.41144297;-0.091684885;0.08747447;1;
21.61952;0.0;0.62238234;0.0042084493;-2.148052;-0.049140476;-0.40473473;1.853219;-1.1957163;-0.22399639;0.43860775;-0.97778136;-0.9287586;-0.7417272;0.7929201;-0.28707302;-0.5822178;-0.61848676;1.2644184;-0.8136703;0.35063088;1.0201224;-0.80657417;-0.15659422;0.53333837;-0.7123747;-0.04604118;0.24457459;-0.06778214;-0.33293262;0.032229386;-0.64168614;1;
21.777802;0.0;0.25303167;-0.5261957;-2.069439;-0.6028138;0.4856029;-2.1350884;-1.7649124;-0.95662737;-1.382605;1.8076428;1.015083;1.0423056;0.06994944;0.51914364;0.965497;0.18085743;-0.43871656;-0.25203234;-0.40339392;0.5509396;0.031371024;0.37611547;0.2603979;-0.60010064;-0.7356718;-0.24574421;0.012832852;0.5963621;0.14541903;-0.24917361;1;
23.93851;0.0;-0.1304488;0.46271062;-1.9095286;2.329486;2.3025992;0.9300859;-0.5687072;3.390766;-2.6913664;0.5197252;-1.0752574;-1.278575;0.17783153;0.26603335;-0.41283217;-0.13493189;0.0068692085;0.08784986;-0.4648173;0.75069577;0.3844317;0.55854404;-0.08028105;0.08460404;0.82520044;-0.10303067;-0.042431608;0.56563956;-0.059323557;-0.3866473;1;
22.420507;0.0;-0.047689915;-0.47418758;2.4282799;1.196596;1.5057544;1.8770996;0.23461208;-3.4975016;-0.7516647;2.659396;0.9422777;-0.64106524;0.6512531;-1.057026;0.7006081;0.2513612;0.11300309;-0.16345605;-0.7475878;0.3213059;0.15303165;-0.088961266;0.5721212;0.7282661;-0.10660003;-0.2675327;0.33238575;-0.2673421;0.1254341;-0.34374407;1;
20.026058;0.0;0.029314846;1.4281197;-1.4357412;1.8070403;2.0128984;0.19455753;0.23593451;2.7097223;-2.129313;1.0843921;-1.0389379;-0.88476676;-0.097877644;-0.070124626;-0.61331844;-0.23408145;-0.44067252;-0.7764733;-0.14709175;-0.40910906;-0.15388325;-0.24773034;-0.12060631;0.017145982;0.12466532;0.0033348245;-0.18465863;0.21661547;-0.307421;-0.18898706;1;
18.2194;0.0;0.40532103;-0.5127097;-1.7995738;-0.06573035;0.30033252;-1.6889502;-2.3349895;-1.2850318;-1.4079944;2.1962864;1.360911;0.84261346;0.10078769;0.17091836;0.53606194;0.6817832;0.010284901;0.24176379;0.18215716;0.3206801;-0.096497715;0.20478128;0.21774079;0.13746934;-0.2843092;-0.06293965;0.26503724;0.12039538;-0.2766324;0.10669448;1;
23.288786;0.0;0.5315856;-1.021601;-1.013873;-1.7305981;2.3623018;-0.7626755;0.20125537;-2.7558322;-1.8737706;-0.60890806;-0.3348135;0.7909392;0.06840245;-0.2687525;-0.5884036;0.1444295;-0.18447173;0.54333967;0.2711412;-0.006105975;-0.22099876;-0.06568868;0.40835005;0.4380872;0.4334943;-0.3779604;0.27057162;-0.10907163;0.26031643;-0.37889275;1;
20.750877;0.0;0.14873697;0.981398;-1.8057255;0.9428425;1.4198016;1.1171238;-0.6176275;2.557934;-2.3294117;-0.22683229;-0.34536237;-1.0237567;-0.5579911;-0.23610654;-0.7332056;-0.5678116;0.042388123;-0.19591068;-0.038763747;-0.26451313;-0.010200862;-0.11851066;0.33724675;0.11631688;-0.08957414;0.2333199;0.008583815;-0.2569961;-0.07582703;-0.05140123;1;
20.806263;0.0;0.33709133;0.34515274;2.166972;-0.5791519;-2.288393;0.9895837;-2.8923979;1.0264677;-2.4117382;1.1032307;-0.35026768;0.7915285;0.91676134;-0.36809742;0.41647106;-0.43333834;-0.022883574;-0.08772974;0.22278057;-0.2721268;0.0017114086;-0.2380383;-0.13366385;0.18691757;-0.074293375;0.46664992;-0.22503094;-0.39424172;0.14226508;-0.38879216;1;
17.732304;0.0;0.55380696;0.8853341;-1.3737186;0.19112606;-0.64789516;2.0255356;-2.2768977;-0.5436315;0.6289699;-1.8875973;0.46433303;0.54117435;0.08458693;-0.43651912;0.66912675;0.47790614;-0.23076262;-0.010140838;0.13551214;-0.21804589;0.061677843;0.3645655;0.085542105;-0.39001432;-0.014696199;0.120025896;0.07592831;0.12626728;0.08282054;-0.32376525;1;
18.265259;0.0;0.29482722;0.77954096;-1.4844891;-0.15483707;-0.7002868;1.7484337;-2.435423;-1.1299592;1.1133109;-1.6775243;0.68056643;0.78054494;-0.19053437;-0.2501841;0.065576546;0.46090764;0.30165064;-0.12208008;-0.10964658;0.21598572;0.057188835;-0.18018024;0.11890243;0.37414435;0.012704238;-0.075261354;-0.0067651365;0.3113118;-0.0029659509;0.15250805;1;
21.470594;0.0;0.18458493;1.5488311;-2.4927182;-1.0577799;-1.199766;1.2019725;-2.4640086;-1.9099503;2.1015053;-1.7923706;0.6933217;1.4689046;-0.538764;0.0100488085;0.102235846;0.34412214;-0.10790732;0.21860275;0.13165817;-0.13159317;0.18545611;0.23159164;-0.050085414;0.062371995;0.095895536;0.347467;0.3352242;-0.35758123;-0.1967411;0.06198824;1;
17.387892;0.0;-0.31233135;0.08948206;1.4198318;1.1391337;0.45177513;1.656191;0.57722336;-1.8822806;-1.3725466;1.5322443;0.3691887;0.058722645;0.5129461;-0.43675113;-0.19277564;0.39656448;-0.042355884;-0.3198515;-0.055447936;0.24006891;0.44742358;-0.31043684;-0.4558609;0.42976367;0.050487082;0.09116445;-0.34703285;-0.12173653;0.20980366;0.06828863;1;
19.421608;0.0;-0.55744225;-0.44237456;1.1389304;-1.1672825;1.2213207;-2.3919055;-1.2456917;2.8441522;0.2522283;-2.505043;0.16833393;0.30742484;0.3625102;0.58105457;-0.30276528;-0.3662729;-0.12162883;0.045977667;-0.2872171;0.18312751;0.0036706761;-0.15157428;-0.0019818442;-0.6940186;-0.026645882;-0.20338948;0.035030585;0.14524454;-0.09972956;-0.001247897;1;
23.651762;0.0;-1.3900094;0.07756895;2.362282;2.6251225;0.20429844;1.8340359;0.14482528;-2.9402971;-1.2654179;2.9258044;1.5058228;-0.8110178;-0.3579424;-0.21338272;-0.17045075;0.70514256;0.29985464;0.14346914;-0.53076535;-0.14344497;0.079575635;0.29357085;-0.19511749;0.48023334;0.04737259;0.16702576;0.045223046;-0.1512867;-0.048300475;-0.046714764;1;
19.394169;0.0;-0.09083273;0.5033297;-2.054719;1.0374129;1.3142419;1.1109339;-1.0241734;2.577722;-2.1664946;-0.22421862;-0.64345026;-0.71231794;-0.34143493;-0.39587793;0.24770972;-0.25710377;0.016928272;0.14735699;0.11662431;-0.23415683;-0.22903055;0.2109322;0.53186464;-0.21836238;-0.061529808;-0.48641232;-0.3794005;-0.11619735;-0.23659149;0.075116396;1;
20.550186;0.0;0.4708171;-0.42110386;-1.7293055;-0.25003558;0.56052285;-2.2419202;-2.3814692;-1.0293778;-1.3030226;2.2589464;0.7562864;0.4234489;-0.8119419;0.46352163;0.22187872;0.64145106;0.02097047;0.43088758;0.31987423;-0.056843854;0.20092852;-0.19414705;-0.25322506;-0.3089222;-0.21083726;-0.08845494;-0.03499488;0.15891743;0.12719478;0.6345707;1;
22.963352;0.0;0.27618256;-0.6618169;-0.05723337;-2.5715475;2.4283376;0.39156416;2.2562792;-1.9636875;-0.53044516;-2.288986;-0.7243107;-0.3528371;0.5231458;0.28967804;0.30704108;-1.0255654;-0.05455501;-0.68732214;0.29166016;-0.00577597;0.21439844;-0.2771368;0.17691836;-0.34488928;0.0066121235;0.33368954;0.21213242;0.08825027;0.02458703;0.04260808;1;
20.21807;0.0;-0.40372163;-0.30447257;-1.8317295;-1.1591655;1.8436747;-1.1245121;-1.176315;-2.460949;-2.5103323;0.43107226;-0.67098325;0.72120583;-0.51468414;0.42630464;-0.010140361;0.37568396;0.24414852;-0.17409115;0.052064802;0.08283224;-0.12983501;0.22991881;0.059151113;0.33798805;0.18608071;0.14446709;-7.0088985E-4;0.049289744;-0.43393406;-0.04179695;1;
20.014406;0.0;-0.39876935;0.7261716;-0.36464325;-2.5250762;-1.9180005;-0.17476489;1.4084929;-2.3549895;0.68522817;2.175169;-1.078422;0.0027685831;-0.69755644;-0.28433117;-0.21111874;-0.1510673;-0.33881417;0.1122144;0.06548984;0.2500811;0.254778;-0.23590508;-0.0880131;-0.20849356;0.03658941;-0.21447106;0.4777266;0.022451565;0.0026277408;0.06375086;1;
18.050566;0.0;0.5132366;-0.15648387;0.17517412;1.5909237;1.3963797;-1.389752;2.4437137;-0.44706827;1.4935023;0.9998368;-0.030231701;0.44480988;0.26970956;-0.43245494;-0.20544021;-0.0035237905;-0.3948586;0.06310763;-0.3186174;-0.24150723;0.32202944;-0.17727853;0.03717759;0.066691294;0.3349068;0.2164251;-0.0025004225;0.008709012;0.008316351;-0.0692517;1;
27.468023;0.0;-1.7404414;-2.1640544;-2.7824883;5.4176555;4.501426;0.7450553;-0.3389336;0.3007703;1.357867;-2.059326;-0.5817162;1.1781259;0.3390081;-0.14759268;0.4281171;-0.48295018;0.24352452;0.5014753;0.7635231;0.14606532;0.09002082;-0.26334232;-0.0924775;0.55314136;-0.14338909;0.13646443;0.21250863;-0.02963495;-0.09053069;0.23184584;2;
25.586224;0.0;0.62499946;-1.8340782;-4.619674;-4.073705;-3.5142703;2.0616653;0.02094429;-0.2714037;-2.3881178;-0.4068549;0.11196506;0.1917591;0.27624115;0.17068923;0.7351143;-0.25284103;-0.14816271;0.0077852546;-0.5718241;-0.064873606;-0.15685111;0.120542385;-0.17092471;-0.27822712;-0.06987729;0.052234463;0.21365902;-0.27256617;0.2471581;0.119511515;2;
22.150072;0.0;0.3393993;-1.4993817;-5.59449;-0.4971951;-0.33417174;3.6493802;-0.25596908;0.09248038;-0.026472697;1.7286326;-0.3913831;-0.09225762;0.13777483;-0.3487269;-0.21883667;0.06485935;-0.22787853;-0.1296892;0.4606773;0.04714965;0.2457526;0.031511396;0.40060684;-0.07661666;-0.08871504;0.3402857;0.09582667;0.29530698;0.15561335;-0.1425481;2;
22.038088;0.0;0.48983547;-1.5993892;-5.692621;-0.9204801;-0.69424796;3.7331834;0.06371016;0.17391191;-0.6800646;1.3016909;-0.47852924;0.1313071;0.3896604;-0.3297451;-0.39767238;-0.23295401;-0.1249486;-0.0646614;0.3668995;0.50282824;0.1582831;-0.18411082;0.21232998;-0.17412789;-0.06256005;0.4572646;0.03158432;0.30693063;0.0024992302;-0.054392576;2;
24.392431;0.0;-0.034264494;2.0550134;-4.9846053;3.529941;-3.5233798;-2.2372668;0.06349295;0.42327222;-1.8940232;0.117346145;0.095109604;0.056475308;0.17378964;-0.56019247;0.7695551;-0.021333992;0.016175572;0.13146022;-0.585469;0.06968173;-0.5523976;0.06619457;-0.009836768;-0.075735815;0.34738845;0.021183684;0.15484358;0.47814596;-0.20585212;-0.39777625;2;
24.400763;0.0;0.57995325;-0.9210618;-6.2351737;-1.4421253;-0.9792109;2.7507029;-1.2436175;-0.66735697;-0.9648972;1.4568136;-0.7258665;-0.25527894;0.2968949;-0.4979372;0.05392643;-0.12984452;-0.399066;0.0024775236;0.2757523;0.3074379;-0.028501403;0.34799218;0.013260179;-0.4286908;-0.2951971;-0.0641911;-0.42303088;-0.011414116;0.14407632;-0.0440841;2;
20.703695;0.0;0.013513406;1.4658971;-4.4897637;2.8718596;-2.663894;-2.0322573;-0.19863552;0.43382517;-1.5789213;-0.16070482;0.3022721;0.4233749;0.3705929;-0.26638564;0.2800667;-0.01130832;-0.036855757;0.14121117;-0.40796053;0.15969414;-0.07518489;-0.10426363;-0.16407129;0.008986502;0.18686634;0.24805935;-0.38013688;0.2373544;0.12000823;-0.13397168;2;
23.74717;0.0;-1.4638188;-1.3087138;-2.8266175;5.3673325;3.6622071;-0.010393641;0.29128572;0.29672834;0.8507422;-1.8775233;-0.09399478;0.8463241;0.24691863;0.30349103;0.16609317;-0.40450162;0.001925113;0.60782033;0.42015862;0.44117376;-0.32589585;-0.2788827;0.11070545;0.3257799;0.34134278;0.26862606;-0.30250698;-0.3309585;-0.08563988;0.13977599;2;
19.757498;0.0;0.2870188;1.0893809;-5.210478;-0.24610323;0.35368243;-2.220612;-1.2331614;0.15747488;-0.23405838;-0.52490234;-0.60419106;0.040726166;-0.7898017;0.5267436;-0.31314233;-0.030971486;-0.0691505;-0.49032637;0.06451569;0.10441682;-0.12311595;-0.39903557;-0.19678666;-0.4151753;0.39498615;-0.30633616;0.2811986;0.0939054;-0.38077348;0.35198325;2;
26.299494;0.0;-1.1143688;2.0760465;-4.9233046;-1.8457414;1.5422245;-2.8305295;-0.54841965;0.2931579;0.26913372;-1.8637707;-1.2755296;-0.21989755;0.25427943;-1.1142659;-0.29511836;-0.71325135;0.6261916;0.13627093;-0.23831657;0.1393496;-0.9660973;0.2129864;0.6773182;0.4974202;0.2797356;0.36588213;0.046798684;0.33867353;0.3887991;-0.54004353;2;
23.310097;0.0;0.017641097;0.99175525;-6.116559;0.23860602;-0.0025253538;-2.2433589;-2.0157483;0.24146064;-0.2702517;-0.83218485;-0.52466947;0.49375072;-0.17434129;0.737548;-0.024874575;0.16014808;-0.3253554;-0.4571982;0.13767672;-0.37668416;-0.3232665;-0.099592775;-0.63356256;0.23235038;0.008808155;-0.2839113;-0.08303112;-0.5073057;-0.15623501;-0.06023421;2;
25.821852;0.0;-1.2634982;1.6881026;-4.202459;-2.6326704;2.3726377;-2.806479;-1.4572364;-0.18765241;0.86658746;-1.1836758;-1.502135;-0.66316724;0.01366468;-0.003506407;-0.0063625844;-0.63750535;-0.58634347;0.8073354;-0.028310161;-0.061278142;0.016187698;0.071686536;-0.5467029;0.41260073;0.14145827;-0.4016769;0.10308046;-0.6827097;0.25648198;0.17421412;2;
22.721415;0.0;-0.92606735;-0.22380038;-0.2974503;5.4150376;1.1930209;-0.9661093;2.546188;0.526593;-1.4198054;-1.0845839;0.2083272;-0.24918115;0.23333354;0.26923025;0.15299824;0.27479675;-0.08133043;0.464602;0.5587937;0.14942454;0.38213086;-0.12925202;0.08171942;0.46306542;0.15511577;0.3470681;0.4322718;-0.033186186;-0.013573416;-0.093407184;2;
24.383223;0.0;-0.04751078;-1.2224107;-4.6791925;-3.0755174;-2.8888981;2.106879;-0.15359941;-1.4918123;-1.5881445;0.32014346;0.19291152;-0.46616518;0.19936569;0.38987496;0.1480322;-0.2806597;-0.63947284;-0.2248762;-0.6437312;0.47059497;0.49573117;-0.018688908;-0.021588039;-0.15155627;0.386581;-0.40803823;0.06443355;0.18113822;-0.50747734;0.06811599;2;
21.552338;0.0;0.3363481;0.13766535;-2.848652;4.7808294;-1.3762473;-0.10492461;0.61684585;2.1672392;-0.34273136;0.7631567;0.23020989;0.11883506;-0.41754633;0.08005511;-0.56939363;-0.052442387;0.60640246;-0.056096956;0.31525332;-0.052032374;0.50568926;0.022447482;-0.22946793;-0.6827779;-0.154281;0.028895253;-0.17075808;0.13645801;0.017393908;0.5005635;2;
23.360926;0.0;-0.9704855;1.1151265;-2.829701;-4.7897935;2.8177853;-0.187438;0.442002;-1.5550499;0.95176244;1.4461898;0.773299;-0.18883681;0.24454664;-0.51438653;0.10709294;0.2985635;-0.25322372;-0.2763616;0.21430837;-0.49548927;-0.29461125;0.037472367;-0.2454709;-0.3119497;0.43667802;-0.38142124;0.22256908;0.34741223;-0.09125969;0.2758462;2;
19.506882;0.0;0.65676075;1.691968;-4.8031673;1.4659905;-1.2680264;-2.9633448;-0.42688027;-0.024871726;-0.9239345;-1.1259204;-0.5591803;-0.14499602;0.2279736;0.3270636;0.0692072;-0.006107645;-0.05910317;0.255481;0.26823053;-0.5900374;-0.095985055;-0.30127347;-0.02670628;0.19479929;-0.30933884;0.0047800397;-0.22579585;-0.11426774;0.48048225;0.09709137;2;
27.374872;0.0;0.972908;-2.075198;-5.81216;-1.5420214;-1.6308327;3.7660766;-0.8581411;0.19505738;-0.7050558;2.1273732;-1.3120428;-0.041707054;0.23666313;0.67145824;-0.44341695;-1.0155671;-0.50123596;-0.45121998;0.77297485;0.7076405;0.25169885;-0.6628208;0.29885647;1.028647;-0.034595687;0.10284328;-0.2618631;-0.20964478;-0.27196106;0.2616302;2;
24.244617;0.0;0.9001679;2.144194;-5.0109777;1.7484671;-2.2849174;-3.8379815;-0.45840445;0.20678674;-1.0835735;-1.1950474;-0.37657055;0.34779528;-0.05767138;0.091487005;-0.2318417;0.3780014;-0.17531054;0.1223946;-0.40720707;-0.69757396;0.0616801;-0.46043625;0.15332785;-0.456214;-0.28932193;0.2958464;-0.30423796;0.032913025;0.068698205;-0.34147498;2;
23.28856;0.0;-0.2848159;0.19865118;2.5047019;5.5342593;-3.5726064E-4;-0.6787189;1.5230181;-1.9312392;-0.6973586;0.47709137;-0.27946123;-0.18158653;-0.1231277;0.15478154;0.28678384;-0.12833914;0.5816279;-0.8992594;0.6473092;-0.29881352;-0.09425342;-0.14165193;-0.24971923;-0.78591955;-0.034308635;-0.68062896;0.065561034;-0.076379925;-0.49915308;-0.050079122;2;
21.887115;0.0;0.6625284;0.39915374;-3.5632598;4.828248;-2.1092432;-0.35873067;0.23488045;1.9266844;-0.4532713;0.864243;0.4100816;0.306425;0.055096976;-0.4178024;-0.28499195;-0.29524988;0.5337967;-0.015788136;0.30922404;0.1395466;0.22064917;0.38922873;-0.34123182;-0.22879475;-0.37151626;-0.05298927;-0.11100116;-0.26735774;-0.0665818;-0.04168129;2;
24.431763;0.0;0.8446242;-1.9244918;-5.265746;-1.3057808;-1.6906126;4.243079;-0.5564387;0.50079674;-0.49513182;1.7852814;-0.90342546;-0.3737655;0.33449137;0.21652314;0.029556714;-0.5251758;-0.46392122;-0.3590877;0.39756;0.8800843;0.40470672;-0.35161033;0.10660133;0.18274345;-0.29265884;0.2752498;-0.15666457;-0.0034940904;-0.22000547;0.25856394;2;
20.43576;0.0;0.1487435;-0.29219082;1.9010476;-5.120808;-0.25443923;-1.5566076;1.32506;1.4773124;0.8368146;0.059876423;-0.42238644;0.013299344;0.24955547;-0.22252543;0.03968339;0.2458744;-0.08405546;-0.57837397;0.01884458;0.32593736;0.23599616;0.11009199;-0.34572262;0.50171936;0.3568498;-0.0041118213;0.34355024;-0.23250648;0.3178665;0.03742779;2;
23.538342;0.0;-0.78873825;0.13792156;3.2432995;5.359604;0.20548916;-1.758338;1.4908475;-1.9737191;-0.74455523;1.0351117;-0.5121681;0.094688766;-0.35721308;-0.5253702;0.23875804;-0.10478735;-0.060054105;-0.5736321;0.034995534;0.09081046;-0.06670237;-0.23747134;-0.49435326;-0.038180582;-0.2516743;-0.22185703;-0.08209367;0.052590538;-0.3455095;-0.008026317;2;
25.739609;0.0;-0.08234238;1.2771413;-5.6455836;1.2517966;-1.1882108;-3.2321084;-1.5896443;1.3687997;-1.073391;-1.214816;-0.68916756;0.8222837;0.7338984;0.3311605;-0.27649528;0.109370746;-0.548377;0.08704628;0.0038958231;-0.2899307;-0.2983174;-0.17414401;-0.08704215;0.28337297;-0.5293286;0.036689132;-0.14029685;0.35784957;0.08965305;-0.2259736;2;
28.132574;0.0;-0.29583424;0.17522383;-4.509094;-1.7392317;-0.045566548;0.32102382;-2.9638798;-3.3124576;-0.015376869;0.22316797;-0.32954702;-2.1383083;0.92220443;-0.2614392;-0.28186712;1.3664836;-0.76259243;-0.49374413;-0.06672609;-0.46355033;0.27816442;-0.3297091;0.33876696;-0.5085062;-0.52054733;0.6019809;-0.19698031;0.30931798;0.37798312;0.17729999;3;
21.471336;0.0;-0.88313055;0.45546347;3.503461;-5.9304223;-0.24543695;1.8600862;0.35430983;0.99390686;0.48455468;0.5913974;-0.46635425;0.059158362;-0.011881848;-0.037585985;-0.3246259;0.23445451;-0.1122233;0.30357286;0.07033191;0.47182876;0.040923927;0.20399696;0.14065108;0.18688914;0.009154077;0.031178603;-0.03606496;-0.0667208;-0.15746175;0.06576059;3;
19.981829;0.0;-1.297161;0.14110872;5.359597;-2.9498527;-1.8552092;1.0623538;-0.5157218;0.34530163;-0.14994988;0.0016299122;0.29890507;-0.92449987;0.26170182;-0.30339414;0.112735175;-0.60579336;-0.07847738;-0.30499935;-0.21905787;-0.14936993;-2.7223775E-4;0.3008191;-0.031249115;0.3929445;0.12234728;0.5487004;0.1366162;0.4749361;0.2731944;0.28851804;3;
33.05698;0.0;0.73278433;-2.451921;-8.014212;-0.53379464;-0.7181287;3.9461184;-3.1090999;-0.44590768;-1.2117138;1.7450563;0.44201052;0.09221219;0.7190142;-0.5539949;-0.8429437;-0.26575667;-0.9958828;0.7553989;0.3171734;0.58071345;0.040854167;-0.47799623;0.4624518;-0.3515197;-0.3643963;0.5969064;-0.12025904;-0.23810017;-0.16807818;0.35344452;3;
28.386005;0.0;1.1555152;0.17576344;8.516141;-1.2135888;3.2282073;-0.5455933;-1.3486485;0.47844908;0.5447846;-0.19207303;0.8513261;-0.29157758;0.079414696;0.09336933;0.2644028;-0.4245919;-0.14991616;0.5052294;0.45741725;-0.49347797;-0.22376855;0.07868309;0.3450428;-0.02510766;-0.19926155;-0.13092493;0.33010793;0.09809907;-0.1816308;-0.10024425;3;
31.168156;0.0;1.0031428;2.3330345;-8.860982;3.1251307;-2.3778548;-4.25766;-1.4954147;0.55605346;0.06476725;0.7429627;-0.39036787;0.43651012;-0.49447715;0.34058452;0.34218785;-0.30271778;-0.026507154;-0.13186988;-0.16256337;-0.23281898;-0.56572735;0.23092549;-0.060319632;0.28475296;0.1439692;0.15841249;0.2859538;-0.111413926;-0.12294;-0.28166667;3;
25.474812;0.0;-0.058844656;0.89008427;-6.3696632;0.85610276;0.01603246;-0.17909919;-2.95023;0.20982805;-0.18033782;-1.8240409;-0.048467673;-0.067622;0.15981981;1.2877682;-0.47818342;-0.025596712;-0.39579824;0.046392664;0.35300604;0.38899073;0.15549733;-0.8069837;0.1324948;-0.10032121;0.2863642;0.49959308;-0.7151852;-0.09655642;-0.45299488;-0.23648252;3;
28.243944;0.0;0.16924067;0.655964;-5.307669;0.4144858;-0.798105;0.0064695943;-4.3958273;-0.2971309;-0.051024046;-1.8358512;-1.3318249;0.24593496;0.5923455;-0.39680493;0.50388813;0.57969195;-0.5798347;1.1378585;-0.65268815;-0.65152884;0.010022712;-0.6403897;0.018697256;0.2270343;0.45556453;-0.21872926;0.24352045;0.22546996;-0.43233538;0.19689779;3;
21.967184;0.0;0.39275742;-0.026458917;-3.8725789;-0.7929058;-0.7164922;0.41404897;-2.8883333;-0.768841;-0.14188068;-0.32520667;-1.5447161;-1.3679663;0.44443938;-0.10423318;0.5114208;0.44455457;-0.5914193;0.7284372;-0.37042105;0.09001624;-0.2732826;-0.20039561;0.22530237;-0.15117188;0.26321736;0.09200401;0.15810002;-0.26082224;-0.017408885;-0.060917918;3;
26.71441;0.0;2.2570412;1.7317879;0.57811743;7.153183;-2.9485857;4.0015974;0.17221513;0.24475259;-0.5521197;0.32675853;-0.43743077;0.34153384;0.83746314;-0.48707134;0.1280325;-0.20675822;0.06589704;0.32934177;0.35034764;-0.14776035;0.100501105;-0.21941532;-0.12142737;0.5359892;0.1676196;-0.5730564;-0.58030754;0.013299337;-0.0015958871;-0.020066801;3;
32.44582;0.0;1.4592344;3.280414;-6.330846;6.285332;-4.8504114;-2.4282355;-0.39911088;-0.9568846;-0.6257504;-0.455501;-0.22084348;0.48249716;-0.15497795;0.50885636;-0.6513661;0.091241255;0.23438859;-0.13747644;-0.16453893;0.04329679;0.35028026;0.42055953;0.12910886;0.042654634;0.38337982;-0.070392445;0.052730914;0.033450365;0.19577084;-0.5819892;3;
21.770111;0.0;0.5652627;-0.7281783;-4.18371;-2.8275888;-1.1608043;0.8473532;-1.477036;-2.5351985;-1.6872808;-0.10546903;0.014248433;0.4682464;0.67725873;0.46762118;0.34642887;-0.1805688;-0.4399586;-0.41011387;0.12396012;0.0072930423;0.31407946;-0.27829155;-0.16093853;0.1239366;-0.75394493;0.0174268;0.3873165;0.34925318;0.19762924;-0.02323706;3;
27.926466;0.0;0.84571546;3.2888875;-7.152245;3.7473712;-3.0576644;-4.313474;0.34480625;-0.48337305;-0.14442833;-0.35636526;-0.029537102;0.4739923;-0.35341656;-0.073106684;0.13106462;-0.2668777;0.46857545;-0.36672884;-0.05431175;-0.12702087;-0.086718835;-0.17808194;-0.57236046;-0.13970916;-0.47607437;0.3112838;0.11445473;0.54027843;0.09684825;0.079460695;3;
21.662617;0.0;0.43913946;-0.7920755;-5.248405;0.5046226;-0.14941797;0.74675393;-2.4987395;0.51189613;-0.24234486;1.3905307;-0.24002723;-0.34469584;-0.052480955;-0.35941762;0.009404608;-0.26292944;0.037697054;-0.15237649;-0.5181379;0.7594627;0.37639567;0.44774812;0.5263404;-0.55699456;-0.6909627;-0.2705616;-0.466888;0.25200012;0.56936;0.038676683;3;
25.539911;0.0;1.0938509;-1.6166477;-5.6565776;-4.7816067;-3.2622244;1.9641087;0.006829956;0.13967705;-0.7767943;-0.6284804;0.58817685;-1.2634054;0.19346064;-0.584613;0.20543692;0.15036346;0.014919127;0.22189297;-0.6860752;0.07134383;0.023868093;-0.86543643;0.07855136;-0.047547657;-0.02800551;-0.20503666;-0.1711;0.21307418;-0.36697587;-0.34121764;3;
28.089615;0.0;0.3054189;2.003923;-5.8210773;1.561139;-0.9669801;-1.1002202;-2.9953048;2.4214997;-1.3504534;-1.7164576;0.22806104;-1.0119035;0.10587222;0.37171292;0.29062894;-0.06309258;-0.12799151;-0.28975388;-0.7066761;0.9309585;-1.0165641;0.17052922;-0.27470955;-1.1670953;0.81196225;-0.010550481;0.6898593;0.9734553;-0.43420237;0.39812428;3;
30.259268;0.0;-0.056782637;3.2446737;-8.163552;0.051855307;-0.36482573;-5.6796594;-0.48413372;0.21653801;0.115489006;-1.1897111;-1.2105646;0.10411086;-0.051255744;-0.41050148;-0.18518491;-0.08441033;0.2458508;0.006771745;-0.14678097;-0.31699482;-0.42934167;-0.012783254;0.050881088;-0.005220518;-0.2751816;-0.033235747;0.38652924;0.346702;0.106301196;-0.45500392;3;
21.905544;0.0;-0.3798396;1.7779009;-6.1762776;-1.328137;1.0517421;-3.0109;-0.6695435;0.062940426;0.4067313;-0.10482738;-0.4573928;-0.6573976;0.30031654;-0.15355502;0.25177857;-0.3079738;-0.43722862;-0.27176642;-0.08651377;0.37139118;0.4569162;-0.07195354;-0.0050616255;-0.14919509;0.07769093;0.0326972;0.08818799;-0.18480445;-0.2352322;-0.14314693;3;
31.069479;0.0;0.89557004;4.335929;-7.4581747;3.8690484;-4.168376;-5.05056;0.6003932;-0.8985838;-0.75365514;-0.48779774;0.033899877;0.23347275;-0.22548196;-0.005925808;-0.4320722;-0.4281452;0.14489761;-0.09395846;-0.25085458;-0.3247688;0.3408112;-0.065943606;-0.48946792;-0.2387743;-0.118449524;-4.7059177E-4;-0.119903214;0.14179501;-0.012671744;0.03543815;3;
23.585882;0.0;0.21992446;1.4729168;-7.2181997;2.0134733;-0.87836504;-2.2977486;-0.32183883;-0.12364426;0.26671606;-0.60425097;-1.1952034;0.32516998;-0.36624828;0.5705217;0.1187612;-0.13352966;-0.065076366;0.20617454;0.571844;0.105360016;-0.078909606;-0.5526991;-0.50768685;-0.015602967;0.046820775;0.21843271;0.015890524;-0.095796406;-0.13820067;0.2166442;3;
22.360594;0.0;0.7723526;-0.69495714;-1.296002;-6.8877263;-1.9209592;-1.241173;0.4206664;-0.332529;0.29194212;-0.049367767;0.10525069;0.8647595;0.23572414;-0.090394996;-0.22313243;-0.080634;0.31330281;-0.2748578;0.012157705;0.22103809;-0.21006931;0.1111888;-0.17205824;-0.085235655;0.1636186;-0.15425175;0.09106142;0.15037046;-0.078588404;0.1288448;3;
21.699293;0.0;-0.046818145;-1.710235;-6.5475216;0.7889323;0.32516962;3.0440254;-0.14576761;-0.09592346;-0.28510422;0.7539288;-1.1108938;0.07458702;0.012405845;0.071907915;-0.20169564;-0.49798647;0.44380665;-0.47569335;0.4232457;0.33970737;0.054483682;0.42182592;-0.10711276;0.062768616;-0.38189203;0.20415339;-0.16322635;-0.41456205;0.23441261;0.023942102;3;
28.693304;0.0;0.86437666;-3.041243;-7.0520535;-2.7338362;-2.6862462;4.697601;-0.6197274;-0.058020968;-1.202634;0.18863793;-0.600868;-0.6655653;-0.51565254;-0.024382353;0.03260385;-0.2911212;0.34980893;0.08145687;-0.27032202;0.41016677;0.030379789;-0.05513782;-0.22252436;0.21396053;-0.060123518;-0.14771634;-0.22651505;-0.20460504;0.278329;0.032542665;3;
23.597378;0.0;0.08735232;1.5485833;-7.361003;1.422548;-0.5517031;-2.2776837;-0.2960717;0.1600521;0.01665697;-0.35112557;-1.2091986;0.3145046;-0.07709718;0.32772234;0.13073581;-0.10887744;-0.033716664;0.32608324;0.5552712;0.10072036;-0.20274794;-0.6521889;-0.4787264;0.07224275;0.096240945;0.24389336;-0.05735275;0.053431332;0.005037428;0.19987829;3;
30.19294;0.0;0.4218032;-0.22177216;-2.042431;6.295964;-0.48000628;-0.38750443;2.5200415;3.0779822;1.2997239;0.0563322;0.2962248;-0.6949423;0.13873905;0.2691112;-0.093695104;0.8733386;1.5166392;-0.4644818;-0.7469954;-0.5087631;-0.8406545;0.7183281;0.79629415;0.14420922;-0.51586276;-0.2726207;0.48915365;0.18165591;-0.36889037;-0.25013497;3;
19.059927;0.0;1.4669085;-1.279202;-1.5057954;-3.3568382;-1.7601581;-0.9107753;-0.16742739;-0.92184854;-1.7391698;-2.713636;0.29399318;-0.65353876;-0.19665176;-1.5971017;-0.4317382;-0.3834801;-0.23278789;0.05567613;-0.8697511;-0.31037226;-0.061292157;0.13343261;-0.3778938;-0.086067274;-0.43075842;-0.61482066;-0.3598923;0.033821568;-0.50653833;-0.32160446;4;
26.162249;0.0;1.0028914;-2.5614831;-4.5596514;-3.4625823;-4.5170307;0.7407662;-1.7054526;-0.5799102;-2.4769766;0.59102404;-0.40483874;-0.10227146;-0.93354845;-0.11121325;0.17411761;1.0258057;0.1566053;0.5938246;0.5734952;0.34139282;0.17509569;0.26649;0.49940133;-0.018517867;1.1513474;-0.1695861;-0.065635726;0.23084103;0.73245084;0.26572785;4;
20.604998;0.0;0.68543154;0.85718554;-4.1351566;3.0326247;-1.9019362;-1.9432212;-1.2105025;1.2180101;-1.3034328;-0.34396136;0.86919457;0.88920254;0.6152409;1.0464967;-0.3784593;-0.18326457;0.5377485;0.20888375;0.33666772;-0.29334134;-0.4864522;-0.58373344;0.31480557;-0.33205062;0.23423904;0.46959049;-0.091731936;0.2832121;-0.26713702;-0.4264112;4;
21.118422;0.0;1.3420864;-2.138154;-2.935691;-3.729604;-2.3971646;0.4786041;-1.4709717;-0.21205932;-3.273823;-0.042204127;-0.2909006;0.48447558;-1.5511469;0.40946183;-0.9137495;1.1902391;-0.21815915;0.5676443;-0.43123806;0.5056452;0.074171744;0.20493248;0.21796869;-0.112819985;0.32814538;0.22940393;1.1549805;0.23167104;0.61379606;-0.3851601;4;
19.84223;0.0;1.6257122;-1.4985172;-2.956814;-2.0087407;-1.5117258;0.20178053;-1.4724152;-0.869009;-1.7411286;1.5168002;-1.2314899;-0.24601912;-1.3477328;0.3288718;-0.5089196;-0.078225575;-0.7011791;0.5645267;0.11957027;0.169234;-0.17286532;0.49812034;0.19361694;0.15030336;-0.06937236;0.1771341;0.36732525;-0.024324626;0.41391307;-0.0852164;4;
23.226192;0.0;1.2738639;2.1198363;-3.7011323;1.7309989;0.6421081;-3.3833756;0.3936359;1.682006;-1.1658922;-1.1605031;0.19030054;-0.08712118;-0.7443735;0.26449656;-1.0328481;-1.352814;0.5654311;0.024670638;-0.9500441;0.6381376;-0.37769648;-0.6552739;0.3271962;0.5242979;-0.66637653;0.25110933;0.036762442;0.056926508;0.08614491;0.08387538;4;
24.723154;0.0;1.9415613;-0.6860524;3.5188358;-1.2152749;3.3398924;1.5422256;-0.366431;1.3766887;-1.1492553;0.83595854;-1.4805926;-0.75661457;0.9412411;-1.394997;-0.27506047;-0.5948506;0.37209445;-0.022505146;0.74562734;0.069866836;1.1313697;0.10851488;-0.717792;0.8818482;-0.739597;-0.055392828;-0.01974131;-0.6247462;0.7200449;-0.631688;4;
28.153383;0.0;2.2160156;-1.1309075;-1.6719546;-2.8387744;-0.7004651;-0.6840113;1.5518144;-2.0521643;-0.36107236;-1.7908522;0.58386296;-1.500147;0.7802262;-1.5902619;0.87140715;-0.94441503;0.99255776;-1.3277042;0.7680521;-0.17958175;1.5686779;-0.61557597;-0.06749334;-0.014703698;1.3703867;0.14854264;0.026942283;0.4378413;0.84642786;-0.6122698;4;
17.1799;0.0;0.18686189;1.8713795;-4.126299;1.0568517;-0.41075644;-2.7786913;-0.35227525;1.7879932;-1.4914178;-0.53437555;-0.07953522;0.46885243;-0.62134403;0.48434556;-0.39370394;0.008564346;1.2710491;-0.2146136;-0.6588742;-0.085476756;-0.020345805;-0.48057848;-0.15024297;0.009958332;0.09656769;0.22797513;0.3179338;-0.5932221;-0.09161889;0.56323457;4;
23.324774;0.0;-0.77913827;1.4753182;-6.4223676;-0.27854136;1.13065;-2.8616042;-0.7119827;1.5253508;-0.20499389;-0.40462878;-0.5583606;0.59888;-0.27775052;0.45793107;0.4692576;-0.42931902;0.7413653;0.47143263;-0.47277966;-0.28598878;0.35583866;-0.47735703;-0.0017937976;0.450675;-0.18513446;0.06039988;0.45407018;-0.25522417;0.09339983;0.011349508;4;
22.189777;0.0;1.2992555;-0.9273886;1.8981701;-4.3086934;0.26499808;-2.1727788;0.7547162;1.0479643;1.5489908;0.80694795;-1.0589949;1.0677333;0.8115523;1.3977222;0.23806688;0.66083276;-0.41512075;0.8621484;-0.07029298;0.26673397;-0.79821855;1.0121361;-0.9278672;0.7567177;0.115800194;1.1385696;-0.6329281;-0.053953785;0.7371049;1.0229677;4;
20.587488;0.0;0.6562836;1.3165319;-4.711163;1.8338269;-0.5010531;-2.8568728;-0.5774004;1.2916685;-0.9080706;-1.0139452;-0.09245596;0.23676863;-0.65603936;0.9614589;-1.0500263;-0.15333351;0.20834191;0.3990853;-0.5629699;0.36603296;0.25934714;0.006065989;0.24361014;0.4458381;-0.45621786;0.32683674;0.12834454;-0.06901955;0.49164045;0.12741566;4;
20.314226;0.0;-2.4735453;0.6227387;-3.9313724;-1.4594707;0.7588459;0.0011460042;-3.0934048;0.067542925;1.5940622;-0.39894596;-1.1462022;0.920272;0.49505287;0.03781608;-0.071702704;-0.18326442;0.058105588;-0.52087724;0.09815505;0.23816402;-0.40071407;-0.07715012;0.17168178;0.119582;-0.5867722;-0.6427866;0.6113399;0.24792118;-0.7107542;0.051034857;4;
22.08801;0.0;-0.9298151;1.8571618;-5.7572737;-0.4251137;0.7336483;-3.1780713;-1.103959;1.543831;-0.42458433;-1.6651584;-0.4083445;1.0961945;-0.6559105;-0.34555498;0.36955622;-0.33315682;0.020927925;0.7550498;-0.6307446;-0.394887;0.6998327;0.09498076;-0.37228242;-0.16422628;0.3293301;-0.012662669;-0.2998788;0.043337844;-0.29820737;-0.1900024;4;
27.743055;0.0;2.459726;0.1737169;-1.5810102;-1.5921777;-1.846196;0.14566632;-0.35024506;-1.013468;-0.47390875;-0.043784246;-1.4192847;-1.0581461;-0.8566617;-0.6362452;-0.24846287;-0.97011703;-0.430113;-0.11991871;-0.42027506;-1.0128843;-0.0079473825;-0.6398483;-0.3670147;-1.0239425;-0.40953568;-0.6607296;-0.13743773;-0.756784;-0.22804676;-0.051550046;4;
20.033579;0.0;1.5297781;-0.9525143;-2.613317;-2.4413836;-1.3867097;-0.32330212;-1.0585159;-0.9197547;-1.8603578;0.28164575;-1.0226433;-1.1593597;-0.92934227;-0.10836823;-0.21139026;-0.5227129;-1.1560352;0.23626892;-0.10791406;0.112209946;-0.74111557;0.13720444;-0.29266366;0.4764928;0.41072163;0.29934737;0.16818883;0.15045652;-0.18327844;0.32607114;4;
20.288338;0.0;0.20205744;1.8574145;-2.9951386;0.79349;0.66088116;-2.4883866;-0.7118609;1.1789196;-0.9647672;-1.5030702;0.30542627;0.6533523;-1.7050921;-0.4115355;-0.40246123;-0.2863966;-0.22655159;0.19271196;-0.53887075;0.13838188;0.21243057;0.4276354;-0.98610055;0.9083327;-0.32526243;-0.3278771;-0.09406856;0.29493982;-0.8327914;-0.07204445;4;
24.51178;0.0;-0.62944496;1.4465858;-4.260042;3.5193994;-0.91974133;-0.9269955;-0.075747624;2.842934;-2.0632281;0.073358625;2.5308669;-0.07857286;0.93804044;0.46832427;-0.61435694;-0.5573603;0.44108778;-0.0854714;-0.48955962;-0.24857704;-0.28356704;-0.54404426;0.8118157;0.016614435;0.5451199;0.49930927;-0.0029788953;-0.10548984;0.060001496;0.026610633;4;
21.848343;0.0;1.3883204;2.0752504;-3.8522015;1.0491303;0.65686315;-3.2006583;-0.15394238;2.126099;-1.087097;-1.2166927;-0.086145446;0.36105806;-0.41396734;0.8785622;-0.32616928;-0.38494343;0.101148024;-0.21568586;-0.8586516;0.13901478;0.8932641;-0.4621226;0.15251464;-0.18296485;0.097842626;0.08050513;0.8020207;0.24346961;-0.26239768;0.006762257;4;
22.998621;0.0;-1.6035075;0.4748132;4.1005273;-2.3936803;-2.1944823;0.65559095;1.1002145;1.5164989;-0.5556223;-2.5106137;-1.0318124;0.14116013;1.5175647;0.4445002;-0.18009454;0.13281582;-0.13159826;0.7445839;-0.7430839;-0.3833224;0.03231472;0.25911468;0.7906791;-0.32358584;-0.3234542;-0.008302619;-0.12816639;0.5341016;-0.047222696;-0.47431993;4;
22.332542;0.0;1.0072043;2.3668225;-4.488981;0.99758625;1.0631138;-3.0502152;-0.80730486;1.2096622;-0.6489188;-1.971099;-0.042938698;0.16145277;-0.80639684;-0.42527616;-0.3513322;-1.1760494;0.15106037;0.30571088;-0.90442187;-0.61936796;0.54658115;-0.4909311;-0.4813757;0.12147058;-0.37927607;-0.42870462;0.025802169;-0.35734308;-0.49388704;-0.5593263;4;
20.81108;0.0;1.0494049;-1.66174;-2.6833122;-3.4038002;-2.8368654;-0.370272;-0.7104787;-1.137074;-2.647048;-0.2774349;-0.062231887;-1.4582449;-0.8707219;-0.4630727;-0.6165998;0.25504613;-0.81188434;0.81806827;-0.27335718;0.19523747;0.17914452;1.0792336;0.28827775;0.19500807;-0.53642935;0.50020087;0.16188565;0.11039532;-0.51785725;0.5059252;4;
23.907703;0.0;1.2096274;2.0751193;-3.9322097;1.8962628;0.04438855;-2.8800464;-0.66202956;1.3147271;-1.7623785;-1.6157558;0.6502384;0.11835101;-0.6063149;0.23488957;-0.36344764;-0.53377354;-0.12755655;-0.08391658;-0.84818554;0.050990827;0.2692228;-0.8609917;0.16910926;0.38274264;-0.40817562;0.020419411;0.12786657;0.06042969;-0.0841151;0.18016385;4;
23.760212;0.0;1.6331495;-1.791818;-4.147885;-3.0311198;-2.2517958;0.38688335;-1.0955338;-1.1961093;-3.1658373;1.0588946;-0.8466183;-0.6061877;-0.9320501;1.0009929;-0.028096123;1.0256137;-0.01943342;0.7896547;0.19403033;0.5900709;0.16162214;0.6273049;0.029644754;0.22360238;0.3473691;0.6293648;0.25110596;0.024255212;0.85415083;-0.23480676;4;
24.600172;0.0;2.6120744;3.234723;-1.932152;4.9991317;-3.3931334;-2.4720562;2.161427;-0.89977944;-0.79937595;1.1708045;-0.6267142;-0.7308093;0.71655136;-0.019118916;0.50358206;1.034399;-0.43677965;0.8440104;-0.41310832;-0.33142242;0.48792374;0.018874176;-0.90812653;0.2851732;-0.157149;-0.31057048;0.522656;0.03649802;-0.01110575;0.414543;4;
32.867702;0.0;-1.6120292;-4.1903086;-1.3377099;5.4609394;-0.6711988;1.7301202;0.12557927;-0.6972479;0.614091;1.2115846;0.12573522;1.7008518;-0.54473734;0.7882395;-0.56193435;0.0777916;-0.045506194;0.10799483;0.015024706;0.5270214;-0.48444545;0.54129136;-0.65176094;-0.043098457;-0.15753198;-0.30570027;0.10284255;0.044996735;-0.10990974;0.25477192;5;
28.790857;0.0;-0.29354283;3.704747;-3.3027043;0.03205393;0.22814459;1.8717552;1.1488466;-0.10172002;-0.17311783;-0.44077155;-0.33288297;0.038860638;0.0065978114;-0.239716;-0.5233943;0.07845546;0.07828125;0.88979304;0.69864565;-0.15344492;-0.055329148;-0.74195063;-0.5453316;0.1103204;0.02347743;0.35378096;0.15827304;0.05606143;0.08071244;-0.005446861;5;
26.785234;0.0;-1.9158542;2.8214571;-2.3112347;-2.3226476;-0.9959732;1.5010858;-0.0056467294;1.1925641;0.48579767;-0.08456114;-0.05697523;0.2249289;0.40978843;0.35233873;0.6694209;-0.4526667;-0.14766455;-0.855546;-0.84420466;-0.08989036;-0.3351575;0.5101758;0.12558553;0.3653115;0.07526676;0.12540726;0.25250655;0.15125364;0.3671963;-0.11196212;5;
23.667084;0.0;2.812951;-1.340822;0.21546999;-3.3380542;1.4580858;0.20779735;-1.2374309;0.45873314;-0.080178685;-0.46178666;0.07260543;0.08621356;0.16668482;0.14024237;-0.48581502;0.2829517;-0.004966861;-0.581102;0.4947649;0.4349627;-0.3953208;0.10865215;0.2086925;-0.26632187;0.049204297;0.14596727;0.052917764;-0.13517942;-0.14253141;0.083880685;5;
28.176851;0.0;4.1425138;0.8377964;4.156885;-0.103374325;-1.0952291;1.0728388;1.428939;-0.8085556;-0.5191232;0.4211043;0.3422432;-0.2759448;0.089554615;-0.008072893;-0.2717457;0.38966596;0.21177283;-0.49409273;-0.25411478;0.6753824;0.19502147;-0.55939394;-0.081306346;0.5425254;0.05283795;-0.3874674;-0.05928849;0.2929767;0.039251957;-0.08270703;5;
23.621246;0.0;-1.5960795;2.5583925;-2.37329;-1.7394445;-0.61978096;1.5481409;0.2816846;0.8603584;0.23765816;-0.2725463;-0.17877655;0.2608224;0.48299477;0.35213837;0.5068133;-0.5325407;-0.3219019;-0.6619525;-0.72054994;0.13862452;-0.16325559;0.512548;0.26602158;0.33949;0.30013326;0.048961066;0.25649148;-0.17970872;0.03486232;-0.2997269;5;
26.380125;0.0;0.32629278;-2.8267312;-3.1791992;-0.6643832;0.23036753;-1.7710488;1.0511523;0.44832513;-0.068089835;0.36741415;-0.21847886;0.046175662;-0.40683696;0.13436452;-0.28807682;-0.5097919;0.738395;-0.30637267;0.24708906;0.64721245;-0.60818464;0.0958208;-0.033288788;-0.33813244;0.19102013;0.05783806;-0.15390326;-0.07250049;0.10891236;-0.11867762;5;
22.057526;0.0;2.7968569;-0.99048454;2.2486718;-2.835413;0.18771644;1.0739362;-0.5974902;-1.0133871;0.47733375;0.38211027;-0.2620145;0.025415525;-0.21059012;0.04568795;0.15482257;-0.36236438;-0.10448171;0.5344028;-0.32050166;-0.5295621;0.44755745;0.3457109;-0.3616985;-0.01975287;0.27206442;-0.08224919;-0.09324027;0.10646099;0.031687614;0.121845014;5;
23.266893;0.0;3.0341747;-0.0054802075;3.7579694;0.47270265;-1.345672;-0.43410122;0.27122703;0.2268595;0.4616713;0.04649234;-0.2980957;-0.20214166;0.31629905;0.33561915;0.03815396;-0.19520327;-0.19467367;0.011400536;0.2250112;0.21296142;-0.10033032;-0.26632077;-0.09519041;0.2953334;0.28471246;-0.22523712;-0.35872093;-0.05834397;0.30598694;0.22740282;5;
31.82948;0.0;-3.743316;-3.2904735;1.7113769;6.5188904;0.26109636;0.4950913;0.7844865;-1.1654427;1.692283;0.037131134;1.0073104;0.44241434;0.23786569;0.2883839;-0.056836534;0.10093008;0.15572403;0.049675014;0.11125257;0.16906624;-0.12340833;0.14498967;-0.16874047;-0.13590325;0.0986152;0.063368805;-0.06974365;0.39187354;-0.2960716;0.04452337;5;
25.631393;0.0;-3.4158611;2.0559475;2.1209354;-3.901054;0.13302766;-1.4931064;-0.56138474;-0.32106328;0.19466345;0.18787384;0.22058985;-0.0707373;0.35117307;-0.24468513;0.15413627;-0.15609619;-0.072965756;-0.11811044;-0.0038277365;0.12000429;0.12391679;0.030776339;0.15141232;-0.19232252;-0.05979871;-0.3776166;-0.2819037;-0.14322962;-0.24368177;-0.044447143;5;
24.609634;0.0;-2.826809;1.8753457;2.9928186;-2.7030315;1.0784845;-0.9144329;-0.4331481;0.017998215;-0.019959662;0.8037789;0.07931296;0.8904062;0.42327684;0.43590587;0.36747217;0.106774226;0.22560744;-0.40608773;0.049853187;-0.30715397;-0.07487909;-0.21398796;0.10614936;0.13216113;0.3427541;0.14502266;0.38686544;0.16329841;0.35493785;0.16467604;5;
25.153383;0.0;-1.9628205;-3.3373063;-3.9917705;3.7039025;-0.5749379;-0.44775018;-0.17728394;-0.6912791;-0.59459686;-0.10137216;-0.022198012;-0.42198983;0.27010918;-0.29799002;0.13573521;0.020796077;0.36903286;0.10822722;0.237429;0.38852072;-0.12927778;0.27361688;-0.11154748;0.05900324;-0.15621015;0.08911364;-0.49501964;-0.04176482;-0.25588384;-0.54558176;5;
27.379763;0.0;-2.5197384;3.2319744;-3.108064;-5.022533;-0.7570898;0.32828385;-0.51582736;0.47982123;-0.74026483;-0.43718934;-0.8402779;0.6413323;0.31745395;0.8679671;0.50226927;-0.078108065;-0.068287544;-0.03154816;0.14472073;0.3067213;0.29410094;-0.07503625;0.021668643;-0.1665603;-0.18355538;-0.009960906;0.081227936;0.1215543;0.27074516;-0.1745396;5;
31.252207;0.0;4.7099347;-0.2690277;6.518641;0.37864497;-0.21138841;-0.27179447;-0.997132;-0.5376229;1.4266177;0.49881652;-0.17560269;-0.3703385;0.027123814;-0.043378517;0.26647347;0.082841754;-0.11143895;-0.16238755;0.04231979;-0.3301274;0.3162909;0.3068126;-0.21061495;-0.12594765;0.2956959;0.07441816;-0.14569664;0.028739437;0.22692557;-0.40602666;5;
24.701578;0.0;-2.3122315;3.4528644;-2.057522;-3.9626393;-1.147018;-0.11298971;-0.63665235;1.0234513;0.33955312;0.23789306;0.080614865;-0.028255122;-0.16314413;0.18380478;0.17456992;0.12410449;0.35794717;-0.046751965;0.09884911;-0.29776356;-0.24443115;-0.14004792;-0.29074022;0.021758009;-0.048785686;0.12842055;-0.0058637727;-0.07115769;-0.090489306;0.0145019125;5;
22.59905;0.0;3.0635388;0.8387529;3.9586437;-0.20601295;-1.0374657;0.8573516;0.49913123;0.07941552;0.42703685;-0.13990805;-0.4415119;0.48840332;0.45000243;-0.47700587;-0.24548705;0.36857963;0.18817651;-0.11791195;-0.17103526;0.025351493;0.039709486;0.15343152;0.11562654;-0.15463813;-0.22776467;0.25936568;0.18189639;-0.20197067;-0.25819904;0.101456866;5;
32.13755;0.0;-2.3182807;-4.5331583;-0.31533307;6.5275826;-0.0040715723;1.3510685;0.7125876;-0.9255937;1.0287926;0.69689834;0.5487432;0.77504295;-0.2560986;0.19949305;-0.024520025;-0.23995602;0.42457923;-0.24225946;0.29968643;0.3779976;-0.2349389;0.54117197;-0.6065389;0.0851854;-0.344477;-0.25100395;-0.26936936;-0.16492563;-0.16867138;-0.011379781;5;
27.978855;0.0;3.7182903;-0.14285728;5.017209;1.0643872;-0.6491998;-1.232868;0.32039756;-0.34992698;0.77289;0.7393279;-0.49368712;-1.0212644;0.32240063;0.5231549;-0.085074045;-0.16919295;-0.06491435;-0.4241271;-0.030320192;0.4676845;0.112563334;-0.44315815;0.020966401;0.21407811;-0.04642495;-0.026250808;-0.012264764;-0.011244484;-0.091989174;0.18592103;5;
24.879587;0.0;2.6195033;-1.951956;-0.7266036;-3.8636267;1.7136848;-0.34542748;-0.8594974;0.6952302;-0.21039616;-0.29297644;-0.10403852;-0.13402803;0.49300283;-0.053848963;-0.24576065;0.6208751;-0.35486135;-0.46861228;0.52589935;0.012502331;-0.13165647;0.09770378;-0.0038331344;-0.066249706;-0.12412867;-0.10177478;0.07138664;-0.072705016;-0.061934095;0.18480639;5;
24.385885;0.0;3.568391;0.7850155;4.117625;-0.4209081;-0.9474717;1.1106905;1.1503646;-0.7005421;-0.3145941;0.49969584;0.049937278;-0.07344298;0.21046615;-0.18178524;-0.13331395;0.5570518;0.059949774;-0.48395905;0.039866462;0.4669727;-0.15672238;-0.2628378;-0.00877629;0.1711423;0.036663637;-0.0010959907;-0.062450103;0.02719262;0.1997956;0.054907728;5;
27.793077;0.0;2.0691125;-2.8140044;-2.4187267;-2.7382178;1.224807;-1.4000566;-0.035084408;1.1732966;-0.38863152;0.12026999;-0.007304494;0.21595745;-0.33458763;-0.3910519;0.7009945;-0.16730174;0.0123877255;0.63100225;-0.48180124;-0.26912183;0.25715783;0.023769936;-0.20443074;0.024440171;0.22063866;-0.20711598;0.0027312369;0.33575;-0.36086267;-0.21689384;5;
29.951096;0.0;-2.078045;3.9647968;-4.068905;-4.9120684;-1.0510886;0.28695506;0.17553635;0.2925253;-0.71677196;-0.69670916;-0.9174893;0.24351531;-0.3046822;0.66418046;0.13864322;0.015985563;-0.11050077;-0.1734662;-0.189113;0.67376167;0.65838903;0.5763775;0.89954877;-0.2503894;0.051606756;-0.60576415;-0.35111237;-0.25406882;-0.18578437;0.060237505;5;
29.289846;0.0;3.4845486;0.54923415;5.195357;0.11249648;-1.5276762;0.09943859;0.2673379;-0.4122724;0.98748255;0.37843856;-1.0115274;-0.25192425;0.72938955;0.080521904;-0.33566573;0.1828792;-0.068332426;-0.3300646;0.48805884;0.6474586;-0.41269088;-0.5677992;0.2633446;0.5935028;0.066779055;-0.47170618;-0.34098354;0.2092255;0.54263747;0.10284922;5;
26.07693;0.0;-1.4191486;-3.6538172;-1.077087;4.3369293;-0.7034432;1.7567816;-0.9044074;-0.09444972;-0.14434992;0.28676957;-0.11124186;0.55171067;-0.52146095;0.27799338;-0.75372094;-0.15238383;-0.30714896;-0.42491865;0.055626765;-0.4549739;0.014398974;-0.015154402;-0.12534887;0.09389846;-0.26239046;-0.16772056;0.060717326;-0.3979257;0.30228677;-0.22167106;5;
35.61597;0.0;-1.1555074;-1.2086604;-2.677726;0.98764545;-1.6257495;-1.804333;1.1766565;2.8450341;-3.3657455;2.069667;-0.6634702;-0.48487452;-0.53425527;1.7912546;-2.4677217;-0.09315197;0.17110427;-0.7021796;0.010335196;0.9373342;-0.62997025;0.12292154;0.08614144;-0.82692635;0.63899106;0.4381192;-0.44194144;0.61243945;-0.2729805;-0.69604003;6;
33.235523;0.0;0.017244052;1.0153527;-1.9289818;-2.4126306;-2.4073408;0.5276065;-0.6304642;-2.8698008;-4.5091887;-1.1731453;-1.4985257;1.8246703;-0.27708986;0.3271698;-0.8890873;0.91572183;0.46685615;0.2951967;-0.29068598;-0.5572548;-0.27919513;0.23520043;0.41372618;0.016608698;-0.31910527;-0.6897887;-0.6664811;-0.18482013;-0.112835534;0.17108747;6;
28.10632;0.0;0.4839981;1.2685724;0.8604404;-2.829054;-2.3316765;-2.724859;-0.6198201;-1.190104;-0.5720532;-2.3608515;-1.5893569;-0.841785;-0.18549989;0.056671593;0.20070232;-0.99656665;-0.37856305;-1.3205057;-0.45203188;-0.8107773;-0.5243372;-0.14770295;-0.28499144;0.111152396;-0.0813982;-0.41736767;-0.69700706;-0.041806877;-0.5162656;0.09988084;6;
26.440937;0.0;0.18754904;-1.3354136;-1.2348086;1.6355059;-1.1073732;-0.5224412;0.8429014;2.8731105;-2.8014636;1.7734358;0.042892896;-0.71006167;1.0364393;1.0673473;-0.3225179;0.8630345;-0.24643895;0.5266705;0.23491527;0.6590389;-0.027355077;1.1014693;-0.19534278;0.3458398;0.2854078;-0.0022861785;0.054225285;0.44163945;-0.28771237;-0.03435864;6;
34.930103;0.0;1.1666055;0.72088224;-0.19527014;2.095972;0.5177096;-1.1190372;3.9124858;-0.21372151;-3.3189774;-2.615029;0.1437077;1.1180055;-0.81226504;1.2456622;1.394016;-0.35151643;0.6986562;0.47173858;-0.19288486;-1.7312919;-1.2488533;0.4962581;0.31021047;0.44776493;0.8488924;0.4207862;0.14605546;-0.86753905;-0.6802315;0.15999398;6;
34.168053;0.0;-1.3820951;-0.5422868;2.4357042;0.69957703;1.7078214;0.9586751;-3.5511694;-1.1277914;-4.116398;-2.5151668;-0.832682;-1.4305373;1.2021785;-0.36111295;1.4934505;0.013147878;0.985114;-0.2848397;-0.13225064;-0.5360518;-0.6688854;0.0747224;-0.7113397;0.41466808;-0.45539904;-0.13036974;-0.0026500456;-0.3465628;0.0069350693;-0.40154374;6;
31.28242;0.0;0.9453959;-0.49815333;2.8160775;0.91888165;-1.7484072;-0.8190021;-2.9847229;-0.5751331;3.064649;0.6325001;-0.15971069;1.1422427;-0.8777706;-1.9315395;0.17007896;1.3303978;1.0954709;-0.041687552;-0.64382344;-1.0295955;-0.6921742;0.8760232;1.1645892;0.5120772;-0.46161306;-1.5579075;-0.2385649;1.674073;0.40256646;-0.80329293;6;
27.534334;0.0;-0.5610747;0.7584727;-1.2453794;-1.3364782;-2.8172307;0.17926975;0.7246715;0.2955983;-0.04132875;-2.030447;-1.763456;-0.9733943;-0.6080006;0.12770398;-0.5824488;-1.3047966;-1.7666776;-0.44474456;-0.89824736;0.85217905;0.051052265;1.0053961;0.17761715;0.21526842;0.20473029;0.12781546;0.3333709;0.6528232;0.75557375;0.11855148;6;
26.122406;0.0;-0.2772041;-0.6834353;-2.3783107;0.115563765;-0.22745098;-1.6071314;-2.3317633;1.5809782;-1.894371;-2.6176395;0.7582528;-0.17981632;-0.82457024;0.35586774;-0.69026965;-0.1934012;-0.73225415;-0.7866704;0.38459754;-0.9469955;0.1101051;0.05402317;0.08451497;-0.5637611;0.15604208;-0.24241522;0.1552526;0.18084785;0.10126201;0.057150483;6;
37.733288;0.0;0.66827476;-1.0138514;-2.524173;-2.1614878;1.3649949;-1.3621123;-0.9437197;-3.664945;4.890288;0.2118033;-1.0888866;1.8074679;0.7507712;0.097796716;-1.0576473;0.66464514;-0.010423763;0.23303838;0.18863575;0.15049103;-0.46858975;-0.52016705;0.42440304;0.009391617;0.13787912;0.5231043;-0.27427322;-0.25122795;0.30899772;0.83149517;6;
28.138668;0.0;-0.6404553;-0.92293006;-2.2929711;1.0511645;-1.4943404;-1.9594376;0.9191723;2.0929108;-2.8737874;1.6662042;-1.0363607;-0.8000696;-0.6210378;0.5079076;-1.4927335;-0.10661957;-0.16931033;-0.36772898;-0.19493704;0.29653192;-0.4330055;-0.09534142;-0.25953254;-0.45148945;0.15912837;0.14517294;-0.46285853;-0.05549187;0.31451198;-0.92587763;6;
27.356527;0.0;1.2814565;-0.529169;1.5939798;0.8063238;-0.6844967;-0.49024653;-3.153915;-1.7293108;2.7651145;1.533932;0.35881162;-0.24806345;-0.9271091;-1.1687872;0.12724574;0.6722721;1.1309643;0.13564646;-0.7637785;-0.435534;0.2980034;0.11604903;-0.11737353;0.2799563;-0.05569659;-0.05346444;0.18892352;-0.17964834;-0.4622054;-0.02279908;6;
32.035427;0.0;-0.46808887;0.38255754;-2.898418;-1.3570415;-1.4907355;1.8501346;-1.8009582;-2.3689058;-4.368976;1.6435937;-0.13679786;2.0521283;-0.21845867;0.62653637;0.30333835;0.99422675;0.7806341;-0.5621263;-0.54260284;-0.12803233;0.016083391;0.12142774;-0.6010677;0.23045123;0.24988255;0.1616149;0.079607844;-0.4566101;-0.27877504;0.0805717;6;
27.47643;0.0;0.54845256;-1.3545808;3.133172;1.0571982;-3.1266277;0.013088214;-0.04760503;1.2489752;1.5515699;-1.7622082;-0.7239446;0.39961126;-0.13170147;1.0443419;0.14809528;-1.4124393;-0.5579721;0.48489574;0.688742;0.43741494;0.06902621;-0.46230835;0.0057804002;0.5382972;-0.0042058253;-0.67441034;0.07742972;0.03659748;0.31344342;0.3807331;6;
33.951397;0.0;1.0700423;0.45922562;3.5064037;0.36361468;-2.1863072;-1.6714581;-3.9495766;0.14138691;4.3159347;0.5254763;-1.0161057;-0.5459863;-0.05672178;0.84602404;0.1696177;-1.2817415;0.60709655;0.83006066;-0.26547298;-0.46126595;0.1671865;0.06964959;0.06847121;0.4524169;0.2712929;0.22024621;-0.08216401;0.18703015;-0.320494;-0.62067115;6;
26.38147;0.0;-0.71222466;-0.38952577;2.5128994;0.63436496;1.5078331;1.4239019;-2.6045263;-0.88591164;-3.1045477;-1.9630287;-1.0755872;-0.85479146;0.19295926;0.20170136;0.63091993;-0.0112904925;0.47673866;-0.56326926;0.06480468;-0.511212;-0.2597633;-0.23376101;-0.20705503;0.38097018;-0.12732406;0.032985486;0.0955864;-0.03852878;0.004271187;-0.17160271;6;
24.497564;0.0;0.23098472;-0.87477344;1.0856806;-1.7719941;0.8801999;2.013054;0.8869868;-0.97850883;-1.1522359;2.2068748;-0.46266174;-2.1320767;0.2796745;0.51066905;0.7873717;-0.34777305;-0.43392617;0.6272058;0.31676814;-0.19805485;-0.08969342;0.35502058;0.2550313;-0.40913776;-0.23975194;0.3392226;0.097913176;-0.7621441;0.15123558;0.24612674;6;
36.54007;0.0;0.7222134;-0.2141552;3.393113;-1.890262;-2.1051333;1.6099662;-1.358066;3.673733;0.5141298;-5.1358013;0.92532194;2.4750469;-0.4029306;0.37489548;-0.8284336;-0.48529482;-0.5622127;0.15158719;0.6003412;0.5152549;-0.35345796;-0.5215284;-0.11889472;0.58206874;-0.25110146;-0.09821464;-0.2555367;0.09153757;0.06842731;-0.37249348;6;
26.585209;0.0;-1.5695968;0.06446342;-2.8213294;-0.26545906;-1.6240108;-3.02831;1.900728;0.383137;-1.9827052;1.2619469;-1.4824696;-1.430698;0.9617195;-0.57529604;-0.32880613;0.5955622;-0.37988275;-0.8831395;0.8144547;0.088693164;-0.3641157;0.922197;-0.5250571;-0.1995573;0.049085416;0.29898062;-0.25930804;0.535717;-0.5309085;-0.31187806;6;
30.937487;0.0;-1.3545028;-0.9453535;-3.2855003;0.20756543;-1.7334385;-2.8571792;0.7414869;1.5918958;-2.859131;0.7352495;-0.33185944;-0.92181736;-0.19789946;1.358296;-1.9904908;-0.26856622;0.3979467;-0.7863351;0.0041387896;0.6868003;-0.32200804;-0.13917015;0.50454295;-0.5669349;0.5396142;0.34230354;0.10851696;0.2833279;0.47075436;-0.28227848;6;
33.251186;0.0;0.46441847;-0.65989596;0.8584875;-2.2721672;0.66484976;2.083408;2.2288988;1.6337987;-4.0085807;-0.50040674;1.6826493;-1.3480915;0.108037576;-0.35531697;0.3883553;1.4852531;0.40554518;-0.5725332;-1.2938657;0.51783484;0.69826204;-0.622943;-0.74447745;0.4497706;0.57756996;-0.36421666;-0.25930107;0.029642802;0.56138164;0.33510986;6;
36.527637;0.0;-0.33062527;1.0837828;-3.0043905;-1.0988586;-1.2470336;2.068178;-2.858743;-2.135967;-4.2396154;3.2269573;0.7169291;1.6778408;-0.3668959;0.8737272;0.7542346;0.44125706;-0.3198378;-0.12290669;-0.24901858;0.70048493;0.53683114;-0.15842237;-0.12472734;-0.07460175;-0.15299517;0.09541381;-0.14171301;0.45591035;0.5477519;-0.24326925;6;
30.408361;0.0;-0.3454416;-0.5284099;2.8268259;0.41696885;-4.2803745;1.6390729;2.114967;-0.11282774;-0.8699635;-0.6370057;0.33121875;1.6364121;-0.008124252;-1.8938556;-0.3458506;0.8438425;0.9912106;-0.43444115;-0.83758706;0.33570313;0.49034816;-0.0027551642;-0.47549403;-0.205426;0.27929276;0.39869702;-0.3218902;-0.44160745;0.082232475;0.28177953;6;
27.687916;0.0;-1.0756627;-0.6618284;-2.5475087;0.5518325;-2.5420518;-1.6992242;1.1449862;0.48569593;-1.8776342;1.6775497;-1.4702864;-1.1065518;0.8516088;-0.21894747;-0.89242876;1.4072801;-0.9628168;-0.65947014;0.6548892;-0.33350125;0.64334613;0.46773797;-0.24529596;0.07086143;0.30436215;-0.29315555;0.6080937;0.17499903;-0.058798555;0.38563377;6;
26.00161;0.0;-0.079373986;0.5872619;-1.5030342;-1.7066443;-1.8639964;0.7202205;0.2570667;-1.8870109;-2.882026;-1.8335073;-1.7791225;0.5102072;-0.96817803;0.3480608;-1.090943;0.5062573;0.19692747;0.50128716;-0.3422718;-0.33628592;-0.29271096;0.4430806;-0.14929877;0.33630648;-0.11182969;0.14777294;0.29502022;0.30339375;0.4880011;-0.02478449;6;
16.650677;0.0;-0.66394407;0.78853875;-0.29547167;-3.4289038;1.2970849;1.0971873;-0.49246278;0.11038537;0.16379537;-0.65290046;0.14142916;0.83448964;-0.67624855;-0.40481812;0.5158409;0.13033314;0.31151447;-0.06789047;-0.023681097;0.66646904;-0.2822284;-0.10996116;-0.004396522;0.039724972;-0.13130133;0.07918132;0.031428974;0.25042453;-0.32112473;0.06850257;7;
20.422153;0.0;0.9840609;-0.10231015;2.4382267;3.258529;0.4487882;2.1377728;0.33273697;0.54606646;0.18206947;-0.009933389;-0.24808542;0.15410599;0.2069697;0.018652225;0.46322042;0.5005838;0.1307003;0.18062446;0.14939159;0.052860588;0.048020262;-0.097489126;-0.18478644;0.12204706;-0.31747925;0.4047296;-0.48629653;0.19833598;-0.22059962;0.051631305;7;
19.683245;0.0;0.41403863;1.3303149;-3.9104896;0.5060424;-0.0033130092;-1.8994045;0.27950484;-0.15975301;-0.22833355;0.5238593;-0.46766573;0.10879522;-0.26071575;-0.25679752;-0.15148547;0.29991513;-0.52686274;-0.37037635;0.44745165;-0.58041793;0.27180612;0.024989685;-0.15572916;-0.17009953;0.47103313;-0.41438;0.037727535;0.037284233;0.0674357;0.043364577;7;
15.590297;0.0;-0.74789333;-1.467806;-2.6528275;1.5883392;1.6077003;1.2940302;0.37069964;-0.2896795;-0.009016064;-0.13001272;0.25579363;8.061788E-6;0.24584791;-0.16533826;-0.37546536;-0.10273349;0.52253336;-0.030628188;-0.424971;-0.15242206;0.048355367;0.32752547;0.36727527;0.009866585;-0.3666436;-0.23259719;0.093970306;0.16274886;-0.4407483;0.16333014;7;
15.411462;0.0;-1.0384729;-0.36952144;0.50901604;2.719562;0.99214464;-1.3831942;-0.27171803;0.35204846;0.38687968;0.11678671;-0.41014966;-0.47378197;0.37806603;0.3312849;-0.41587803;0.06742111;0.69230944;0.098560475;-0.55308974;-0.29039177;0.061898723;0.039306544;0.033664834;0.4389605;0.15807028;-0.2270673;-0.13093314;-0.048770633;0.15488966;0.077886716;7;
14.245927;0.0;-0.96127045;0.15530403;2.8746045;-0.44401377;-1.4334588;0.19280419;0.59760994;-0.0670795;-0.2734004;0.2688329;0.6776028;-0.3280846;-0.4144662;0.102328934;-0.016601661;0.06481952;0.4416113;-0.3416417;-0.12404714;0.62623537;-0.0069878646;-0.24642497;-0.25057754;-0.17597763;-0.036061715;0.27745843;0.00923241;-0.13790153;0.22163501;0.087873496;7;
16.142647;0.0;-0.8894589;0.41614407;1.33302;-3.0632112;0.1289588;1.7634912;-0.24154173;-0.553647;0.88467354;-0.2080962;-0.94992536;0.2935127;0.613368;-0.38663992;-0.30366775;0.3990636;0.060320497;0.36179084;-0.5201944;-0.1762837;0.014510765;0.17223781;-0.04024043;0.038666274;-0.12703134;0.16775249;-0.1736251;-0.09622148;-0.06811479;0.08017978;7;
18.91336;0.0;1.0156316;0.12532192;2.0416799;2.7364802;0.10018152;2.067316;0.10363725;0.50245523;-0.120058425;0.079035796;-0.35740238;0.12645583;-0.24234875;-0.25214294;0.53595906;0.37137935;0.29592928;0.5393791;0.15374173;0.55450886;0.17652115;0.0943054;0.17982176;-0.2962648;0.22096743;-0.19212091;-0.27492037;0.0044795903;-0.38878235;-0.022428129;7;
14.139228;0.0;0.13120012;-1.0262753;-3.2863169;-0.1443189;-0.25666532;1.7605213;0.7177791;0.4930871;-0.060562685;-0.5122176;-0.3857513;-0.11275251;0.095182166;0.35336035;0.3450282;0.40718856;0.20198268;-0.37999067;0.27623817;0.22156593;-0.08034129;0.061290465;0.013993814;-0.18245748;-0.173824;0.18735719;0.04659445;0.05479202;-0.126063;0.06801569;7;
16.713268;0.0;0.41132122;-1.2521503;-1.5086769;-2.8068166;-2.014465;0.033311047;-0.33324313;0.727447;0.13129011;0.52750164;0.50050426;-0.2426137;0.118826985;-0.6329233;-0.15912248;-0.44702807;0.108591236;0.27160975;0.3937806;-0.521177;-0.20962319;-0.44472215;-0.4222566;0.16724002;0.12635215;0.10088307;-0.16459948;0.35687;-0.27936292;0.38458952;7;
19.825274;0.0;-0.06712691;-0.83038175;-3.4390695;1.0074838;0.5703806;1.9522921;0.679717;0.19397852;-0.44453397;-0.91883963;-0.45790187;0.43461066;0.1707044;0.431295;-0.054329097;-0.17739354;0.9178458;0.076927856;-0.029939853;-0.14296557;0.12177507;-0.13005212;-0.007673842;0.18802497;0.08453156;0.44144452;-0.13990447;-0.1243806;0.09312652;0.20307553;7;
19.285639;0.0;-0.63639987;-1.0139529;-2.261197;2.6599743;1.6766121;0.96053135;0.021290379;-0.63889354;-0.68120897;0.2688064;0.42087945;0.31388018;0.42967567;-0.5685701;-0.22357503;-0.11763771;0.013223282;-0.09115513;0.10777115;0.43731242;0.15983203;0.07620887;-0.0524703;-0.5061355;-0.37958136;-0.054019313;0.056344833;0.3120642;-0.12891276;0.17768939;7;
20.55651;0.0;-0.59905446;1.015791;-2.3493412;-2.4535112;1.8996897;-0.98277485;-0.039570842;0.9675102;-0.74959266;-0.114778206;0.10553416;-0.4456052;0.15238875;0.37533873;-0.123951904;0.114728756;0.06502558;0.61670786;-0.13429661;-0.07441366;-0.34222156;0.15804562;0.21895126;-0.36481872;0.25426692;0.16796893;-0.21053155;-0.012940897;0.39524874;-0.071060725;7;
17.27814;0.0;0.6282335;-0.45434988;-0.552437;-2.9166672;-1.5341939;-0.6473719;-0.517012;0.36814913;-0.28144285;1.0481194;0.5158953;0.764773;0.85829186;0.26098302;0.07886301;-0.3592452;-0.040148217;0.094847865;0.31188443;0.10089353;-0.022531519;-0.35137567;-0.12329711;-0.12228677;0.24124151;-0.20798463;0.46509823;0.095527485;0.39487308;-0.042329993;7;
17.419195;0.0;0.26241168;-1.0923133;-1.8927013;-2.5715072;-1.8233557;0.21591507;0.04107525;0.40203914;0.2612077;0.43246257;0.35479063;-0.2413249;-0.030809386;-0.43981105;-0.12902549;-0.09189601;0.6325362;-0.16835323;-0.1497683;-0.65169513;-0.44914892;-0.08432171;-0.23852718;0.014583326;-0.3070215;0.045429155;-0.22146274;0.41124982;0.037172575;0.06812572;7;
14.155368;0.0;-0.066066675;1.5051693;-2.8929904;-0.089952834;0.21049482;-1.7677288;0.32441744;0.47150913;-0.54691446;0.08457902;-0.22387044;-0.27813393;-0.084614486;-0.25096095;0.38997465;0.1602851;-0.058046974;0.07700951;-0.12512009;0.17638618;0.02613165;0.076265976;0.15527382;-0.07734259;0.021023031;0.23106578;0.14413634;0.21230933;-0.15261991;0.15832461;7;
15.427074;0.0;-0.9766626;0.5564076;1.9797868;-2.8186162;-3.9278337E-4;1.209053;0.23241821;-0.083524205;0.26081914;-0.47453186;0.047045827;-0.022728562;0.20386337;0.13324623;-0.20682052;-0.107119694;-0.24653076;0.2301566;-0.048896357;-0.31496397;0.022597589;0.028095242;-0.104162544;0.09857893;0.1228806;-0.031708848;0.05874767;0.020644771;-0.020767078;0.022166405;7;
13.7106085;0.0;-0.34198946;1.6435509;-2.9654672;-1.6962044;1.3109057;-1.6097438;0.13653308;0.44026637;-0.48677176;-0.11124101;-0.10339239;-0.340974;0.4531253;-0.059660748;-0.5445309;0.40226915;0.01086748;-0.4192976;0.056504745;-0.2519303;-0.050609797;-0.20978354;0.051133692;-0.017928045;0.10992183;-0.041932333;-0.24424888;-0.15283744;-0.14162298;0.115486905;7;
19.149673;0.0;-0.9871246;-1.2825922;-2.1103773;2.773118;2.199012;0.65074694;-0.15034606;-0.4134439;-0.63784736;0.2280426;0.8984193;0.43461165;-0.08205959;-0.7385926;-0.34721786;-0.30473897;-0.16563302;-0.14268975;-0.05105697;0.5610559;-0.13504185;-0.20180382;0.16826011;0.265005;0.13766257;-0.35236537;0.021799475;0.15727212;-0.5181666;0.21066217;7;
16.162884;0.0;0.84494275;0.8800919;-0.788294;2.7565823;-1.5287441;0.54775214;-0.4521187;-0.110517725;0.14172707;-0.5117797;0.6089942;-0.4526033;0.669878;0.0566158;-0.25179943;0.36565188;0.21331486;0.012425792;0.77110547;-0.12986135;0.27891818;0.30486947;0.029117852;0.043974426;0.14772584;-0.04228006;0.043260604;-0.14051837;-0.03972557;0.17121634;7;
15.442672;0.0;0.17327464;1.1499686;-3.004454;0.5185822;-0.41617113;-1.415631;0.26326737;-0.07729169;-0.049067352;0.039146166;-0.2918346;0.16846354;-0.4120858;-0.35611543;0.074285574;0.08501952;-0.11428926;-0.20553409;0.14038663;-0.4064498;0.32640436;-0.16707478;0.15253232;0.27551758;0.080336384;-0.1634351;-4.1645518E-4;0.19716118;-0.010575494;-0.09454242;7;
16.980968;0.0;0.80785143;0.89854383;-2.0489044;2.5680416;-1.6501724;-0.5039784;-0.28841752;-0.34982505;0.6469687;-0.3019569;0.50693643;0.4996294;0.08278425;0.724665;-0.33837172;0.22005957;-0.20606053;0.42697692;-0.3864471;-0.051933482;-0.46555153;0.3931461;-0.47074258;0.06835777;0.22724552;-0.16601467;0.30633673;0.016220137;-0.027878106;-0.011983055;7;
15.607719;0.0;0.35230666;-1.2346601;-2.1490011;-2.7086327;-1.5749457;0.30441937;-0.039496537;0.10636195;-0.0570958;-0.2473058;-0.28515208;-0.13972539;-0.22658075;0.10182426;0.05063344;-0.12514658;0.07671737;0.18270864;-0.02198614;-0.23576203;-0.5009416;0.11319733;0.24939659;0.31321734;0.3627258;-0.014276385;-0.08963863;-0.23374093;-0.39420646;-0.06549915;7;
15.774951;0.0;-0.9299974;0.4581385;1.7718612;-2.6905017;-0.14470702;1.7387936;-0.046638925;-0.7491187;0.66013616;0.046007678;-0.95282966;-0.06470271;0.553098;-0.10113926;-0.1982365;-0.08387951;-0.37174678;0.5090713;-0.291499;-0.5282403;0.0063730925;0.10153114;0.097242296;0.014224802;0.0062645026;0.35745043;0.07128517;0.10807901;0.06997908;-0.13489038;7;
17.653387;0.0;0.2489027;-0.91775715;-3.4013414;-1.0096263;-1.0439944;1.8647826;0.62129784;0.5716242;0.23846641;0.0076480475;-0.35502586;-0.44857678;-0.474877;0.09172277;0.031427115;0.050315186;-0.44933137;-0.10315494;0.021117155;0.10787195;-0.06298037;-0.18041885;0.014231239;0.07382061;0.10230236;0.0611301;0.14675716;0.08420234;0.3454643;0.13738883;7;
4.504638;0.0;3.2636623;0.021103648;2.9734194;0.014617278;3.390059;-0.027559783;3.3638487;0.039851177;3.3953657;-0.048902713;3.2900774;-0.070975296;3.182208;0.16349281;0.0;0.0;0.0;0.0;0.0;0.0;0.0;0.0;0.0;0.0;0.0;0.0;0.0;0.0;0.0;0.0;8;
7.3695445;0.0;2.8226812;-0.011155239;2.9959526;0.008325593;3.0573266;-0.097451404;2.931109;0.06793587;3.0606406;-0.18090442;2.9793272;-0.061373424;3.0242395;0.04155537;3.1543748;-0.25695798;3.301394;0.01064866;2.9274042;0.064468175;0.0;0.0;0.0;0.0;0.0;0.0;0.0;0.0;0.0;0.0;8;
4.265907;0.0;-0.04088788;-1.7784816;-1.513285;0.7595231;1.0756073;1.2500582;0.88386726;-1.3813443;-1.563537;-0.5532731;0.053298134;1.6126271;1.5563239;-0.37348616;-0.70111877;-1.4145607;-1.1748904;1.281093;1.3057915;0.8682174;0.522384;-1.6580576;0.0;0.0;0.0;0.0;0.0;0.0;0.0;0.0;8;
1.504644;0.0;-0.24097374;0.102365606;-0.047310207;0.1479149;-0.25825036;0.068009175;0.18781096;-0.027914325;-0.10060084;0.086561434;-0.114798576;-0.07986305;0.042759106;0.04398276;-0.028024418;-0.15011613;0.0;0.0;0.0;0.0;0.0;0.0;0.0;0.0;0.0;0.0;0.0;0.0;0.0;0.0;8;
3.7837322;0.0;2.1619112;-0.9140895;1.5204443;-1.8577702;0.9426557;-2.5608757;-0.40183914;-2.5888243;-1.2716203;-2.1599054;-2.1173928;-1.5421304;-2.476025;0.0;0.0;0.0;0.0;0.0;0.0;0.0;0.0;0.0;0.0;0.0;0.0;0.0;0.0;0.0;0.0;0.0;8;
2.0131924;0.0;-0.14836153;0.121157885;-0.34035927;-0.16203;-0.018117955;0.18593778;-0.068124235;-0.17599733;0.115132764;0.15987107;-0.08926674;-0.09043743;0.0527418;0.001548128;0.027935347;0.014690457;-0.08849064;-0.016690519;0.05031302;0.0;0.0;0.0;0.0;0.0;0.0;0.0;0.0;0.0;0.0;0.0;8;
3.749903;0.0;2.1670709;-0.9488865;1.7580788;-1.9523941;0.64389366;-2.2848806;-0.18402168;-2.6514144;-1.1828705;-2.185214;-2.2688453;-1.3959466;-2.5582573;0.0;0.0;0.0;0.0;0.0;0.0;0.0;0.0;0.0;0.0;0.0;0.0;0.0;0.0;0.0;0.0;0.0;8;
9.051156;0.0;3.6978743;1.6392254;3.19657;2.683196;2.247718;3.574939;0.92703676;4.098757;-0.35644698;4.307634;-1.8366302;3.820068;-2.8567948;3.2521093;-3.584751;1.8727285;-4.359387;0.0;0.0;0.0;0.0;0.0;0.0;0.0;0.0;0.0;0.0;0.0;0.0;0.0;8;
4.5907645;0.0;1.3531519;-0.64516044;0.68840766;-1.2183597;0.15862107;-1.6230557;-0.75247157;-0.96440816;-1.0523381;-0.32002395;-0.9541202;0.104037076;-0.20638953;0.528581;-0.23734482;0.19136906;0.0;0.0;0.0;0.0;0.0;0.0;0.0;0.0;0.0;0.0;0.0;0.0;0.0;0.0;8;
20.489231;0.0;4.7098284;4.2748685;0.95687085;6.128471;-1.8917278;4.64472;-3.1720686;1.8796241;-1.7369117;-0.26698261;0.44525662;-0.31307966;1.2757105;0.7375575;0.6974307;1.6156659;-0.97570443;1.386337;-0.76397103;0.15333493;0.026293704;-0.6304759;0.72994673;-0.6354345;1.2285726;0.53173244;0.3549515;1.243187;-0.6720564;1.0914681;8;
14.56158;0.0;-2.0891485;3.7580035;-2.2279263;-2.0281134;2.0279737;-2.064808;1.4087373;3.2447221;-2.8146286;-1.4324338;1.8048975;-0.30675405;-0.7967367;-0.08722643;0.30867803;0.44221985;0.2709374;-1.0479568;-0.0968542;2.4342499;-1.2994878;-2.1083288;2.2110252;0.94095963;-0.9053617;0.3919352;-0.9211688;0.68042284;0.90128785;-1.4649737;8;
1.9680588;0.0;-0.2494376;0.07644959;-0.038260583;0.054736353;0.074939094;0.041894678;0.026828285;0.0727463;-0.030476555;-0.18210784;0.045778416;0.10832243;-0.12790653;-0.20393631;0.14882311;0.13990046;-0.05246399;0.009598849;0.0;0.0;0.0;0.0;0.0;0.0;0.0;0.0;0.0;0.0;0.0;0.0;8;
10.554329;0.0;3.1277778;-1.1354547;2.3324916;-2.328463;1.4338036;-2.8040938;0.07223669;-3.008972;-0.73761654;-1.943249;-0.884868;-1.0863628;-0.530952;-0.6161811;-0.0883333;-0.6606751;-0.325831;-0.83623344;-0.351945;-1.3862824;-0.7877389;-1.0353795;-1.3927801;-0.70817995;-1.176922;-0.21308692;-1.2418714;-5.0547655E-4;-0.58099514;0.8643633;8;
10.939546;0.0;2.5295665;3.0857494;-0.22387283;3.8872304;-2.671381;1.9544528;-2.2756946;-0.43235338;-0.9039192;-1.3361331;0.5731877;-0.89818144;0.29939994;0.17113037;-0.30899662;-0.19131155;-0.36901066;-0.57689834;0.06854447;-0.6721742;0.6150352;-0.11269027;0.7568387;0.49836445;-0.30946717;0.0;0.0;0.0;0.0;0.0;8;
1.7039905;0.0;-0.11382111;0.13485005;-0.055183057;0.12228744;-0.21077992;0.010066024;-0.21799505;0.02214234;-0.1704347;-0.11033734;0.13323689;-0.19783387;0.18724576;0.025978116;0.09274799;0.09376929;0.10481156;0.19108295;-0.12142131;0.055980407;0.01959768;0.0;0.0;0.0;0.0;0.0;0.0;0.0;0.0;0.0;8;
1.6862208;0.0;-0.2421259;0.30105135;0.29848757;-0.09410579;0.07579844;0.056950007;-0.10476845;0.114580765;-0.04888485;-0.06268305;-0.07499405;0.045100775;-0.049856964;-0.11105144;0.053234037;0.0;0.0;0.0;0.0;0.0;0.0;0.0;0.0;0.0;0.0;0.0;0.0;0.0;0.0;0.0;8;
1.6542907;0.0;0.02924491;0.08009314;-0.07011117;0.0076906155;-0.09160096;-0.09165766;-0.091372505;-0.038939174;-0.081481256;0.07678375;-0.0071853995;0.05877158;-0.070258;-0.04799444;-0.19438092;0.0;0.0;0.0;0.0;0.0;0.0;0.0;0.0;0.0;0.0;0.0;0.0;0.0;0.0;0.0;8;
2.071396;0.0;-0.059660867;0.14246473;-0.29159823;-0.1804559;0.04528093;0.07518657;0.048194453;-0.034849074;-0.07176334;0.046680003;0.002531356;-0.05257325;1.9251097E-4;0.017223874;0.048011072;-0.052395232;-0.004006071;0.06137206;-0.0028811626;0.0;0.0;0.0;0.0;0.0;0.0;0.0;0.0;0.0;0.0;0.0;8;
20.9653;0.0;7.2788367;-2.6629186;5.108058;-4.0670714;3.2157488;-4.7682433;1.1572653;-4.0283756;0.5461776;-2.386097;0.73875165;-1.87908;0.71780765;-0.913643;1.0246973;-1.297358;1.1268902;-1.4284962;0.24682717;-1.0210581;0.4861066;-1.1788664;0.4426429;-0.0692844;0.5008836;-0.13912411;0.59208435;-0.09484017;1.1912475;-0.54002166;8;
1.6104692;0.0;0.015484941;0.15960431;0.19205086;-0.032119066;0.014089291;0.10733642;-0.0687273;0.015219921;-0.016599683;-0.007595425;8.10649E-4;-0.04777002;0.057656292;0.0;0.0;0.0;0.0;0.0;0.0;0.0;0.0;0.0;0.0;0.0;0.0;0.0;0.0;0.0;0.0;0.0;8;
8.379503;0.0;3.7697823;-5.3703837;-2.0351553;-6.0886207;-6.0709443;-1.8277538;-5.107709;3.8103302;0.11663504;6.466825;5.33047;3.7268634;6.1720433;-2.016893;2.0045304;-6.2131453;-3.862514;-5.239237;0.0;0.0;0.0;0.0;0.0;0.0;0.0;0.0;0.0;0.0;0.0;0.0;8;
1.9673979;0.0;-0.019276436;-0.098768786;-0.16570416;-0.09186279;-0.075998925;0.19915132;0.033541285;-0.1927328;0.009621321;0.08272147;0.03586121;0.111166045;-0.088305704;-0.06975345;0.0015842825;-0.050081905;0.08509232;0.047883272;-0.113696195;-0.021310424;0.06358231;0.0;0.0;0.0;0.0;0.0;0.0;0.0;0.0;0.0;8;
1.7519164;0.0;-0.108552344;0.026938563;0.14969738;-0.018511474;-0.1019116;-0.021313973;-0.006266391;0.08014211;-0.025735373;0.058913324;0.15340555;0.047661696;0.024929456;-0.10853373;-0.02002942;0.083225474;0.0;0.0;0.0;0.0;0.0;0.0;0.0;0.0;0.0;0.0;0.0;0.0;0.0;0.0;8;
8.668212;0.0;6.978732;0.03197636;6.9515414;0.2898097;6.8807793;0.09934459;7.1068144;-0.061164424;7.0749025;0.15170237;7.007191;-0.1005784;6.9769506;-0.020381453;0.0;0.0;0.0;0.0;0.0;0.0;0.0;0.0;0.0;0.0;0.0;0.0;0.0;0.0;0.0;0.0;8;
1.877103;0.0;-0.1732585;0.069743216;-0.32021135;-0.050620493;0.15758045;0.058377102;-0.105714;-0.06706103;-0.04114228;-0.0034977624;0.09395036;0.0057608364;-0.08616405;0.025797708;0.041277856;-0.0013402754;-0.030606464;0.019077424;0.025735494;0.0;0.0;0.0;0.0;0.0;0.0;0.0;0.0;0.0;0.0;0.0;8;
20.87859;0.0;-0.2014606;-0.10469778;0.23148032;0.16895649;-0.2443378;0.1873729;-0.19277106;-0.13932112;-0.00721334;-0.07684151;-0.13691065;-0.009700081;0.045061734;-0.11788275;-0.051667187;0.12634286;0.24662116;0.15555899;-0.0060643726;-0.21697278;0.035432275;0.21921457;0.068507284;-0.0033803326;0.044223007;-0.098145165;0.059217714;0.07122219;-0.0070194085;0.012307419;9;
17.840086;0.0;-0.47297487;0.038977508;0.3992116;-0.19159503;0.1090228;-0.024624178;0.38434988;-0.06475187;0.07283938;-0.29056934;0.032812297;0.11370776;0.02140606;-0.09743257;-0.12923118;0.13043858;0.055346373;-0.14407915;-0.09125683;0.07517277;0.046037324;0.058606245;-0.008267395;0.01781702;0.09679008;-0.05112016;0.08401413;-0.013007254;-0.0064178086;0.013348346;9;
16.183275;0.0;0.21751992;0.5062099;-0.046608847;0.06739871;-0.1653263;0.04695439;0.018304067;-0.16626449;0.20292518;-0.17549038;0.17571464;-0.091031656;0.046081442;0.37174165;-0.084044315;-0.019415613;-0.23054926;-0.36863354;0.043039422;0.16439109;0.2609738;-0.0448513;0.004143963;0.019723227;0.080355026;0.106714904;0.08483432;0.07793706;-0.0035240757;-0.15919888;9;
14.805466;0.0;-0.5841273;0.34131256;0.21303818;-0.056891974;-0.18549173;-0.059496894;-0.012967321;0.1243657;-0.00800383;-0.117831714;0.15036543;0.20277378;0.24594522;-0.05593774;-0.037613966;0.043243054;0.17234468;-0.042872995;0.16634671;-0.016005056;0.09408861;-5.408451E-4;0.027142765;0.13809615;0.058745693;-0.19408132;0.120681144;-0.1121601;0.069437705;0.34221062;9;
20.320843;0.0;-0.30140066;-0.008773466;0.04746074;0.15495744;-0.15871884;0.18718402;-0.21204089;-0.17265156;0.003158584;0.019908754;0.03256817;-0.012997136;0.11119655;-0.1600255;-0.21880539;-0.0037212342;0.003892364;0.2374034;-0.042917524;-0.062355444;-0.18520118;0.23169956;-0.017082337;-0.019921225;0.0144409165;0.004976647;-0.08983929;0.044431392;-0.0849254;0.25285327;9;
18.483768;0.0;-0.043267917;-0.31018248;-0.010297063;0.36869666;-0.08256518;0.20185414;-0.3587657;-0.085203275;-0.12045651;-0.12898228;0.021974977;-0.09029487;0.09196406;-0.085451454;-0.09929273;-0.11661939;0.014295077;0.25646138;0.22257893;-0.123563014;-0.110980935;-0.08954332;0.013760585;-0.041670058;-0.0303263;-0.13727264;-0.06266916;-0.04808002;0.055591196;0.04788514;9;
17.96576;0.0;-0.14131491;0.25353628;0.24442965;0.09330242;-0.0033365947;0.23773786;-0.2621041;0.12443287;-0.05025276;0.049286705;-0.28653082;-0.10126106;-0.12497777;-0.1237121;0.16444881;0.056521595;-0.0593225;-0.25268477;-0.04900709;0.045506448;0.28138334;-0.102146044;0.051304575;-0.109949544;0.00246417;-0.033712458;-0.1009162;0.046971772;-0.06598674;0.18230784;9;
20.283014;0.0;-0.106801644;-0.14466679;0.10832983;0.27879393;-0.12803297;-0.053183813;-0.32005277;0.38629943;0.06731845;0.09496374;-0.065431;-0.083538316;0.2727895;0.106445394;0.05469229;0.25914624;-0.036085688;0.17991422;0.19594751;-0.05975416;-0.26158398;-0.06823528;-0.057902433;0.19915451;-0.07298752;-0.15017925;-0.032220528;0.069349095;-0.17549662;0.1309063;9;
21.638603;0.0;-0.051765118;-0.1126586;0.10449861;-0.01657259;0.040285222;-0.29371476;-0.12577344;0.24323961;0.091858715;-0.025408372;-0.013734595;-0.041743714;0.15966922;0.2947816;-0.09451973;0.024639191;0.10883053;-0.019585997;0.05191528;-0.13385762;-0.0958282;0.09491671;0.0417393;0.050330967;-0.04604066;-0.15345033;0.13232175;-0.06766268;0.060261324;0.118650176;9;
14.853056;0.0;0.13960159;-0.22108978;-0.14005114;-0.15475763;-0.23189591;0.07900076;-0.20834197;0.010992354;0.11405243;0.12736005;0.17289692;0.01837335;0.07410349;0.2645574;0.030204805;-0.06508621;0.030123202;-0.24575688;0.040535215;0.116126336;-0.09945079;0.1902823;0.09973965;-0.20059066;-0.028814629;-0.06852408;-0.009288015;0.11525335;0.03204688;0.021816855;9;
18.375494;0.0;-0.91390514;-0.18901464;-0.07112029;-0.27096492;0.09913912;-0.008573833;-0.3019097;-0.049009793;0.17415042;-0.064888194;-0.29256552;0.114958026;-0.045523454;0.2564682;0.02241318;0.14984699;-0.105716385;-0.10960432;0.029098941;0.064767145;-0.04021533;0.1941353;0.06805652;-0.14329618;0.009351042;0.043646533;0.1972241;-0.10942798;0.074535325;-0.007603004;9;
17.265945;0.0;0.15229984;0.9388871;-0.024261193;-0.09232332;0.26600602;0.16748062;0.4098227;0.10057698;0.051844675;0.12599126;0.052336242;-0.08856461;0.05169928;0.13840412;0.15095562;0.009713415;0.046112582;0.03508673;0.047527783;-0.27601132;0.042663544;-0.00999204;-0.013275098;-0.041141327;0.15197663;0.109799065;-0.122076795;7.169772E-4;-0.06447567;-0.07123859;9;
20.697374;0.0;-0.6008562;-0.01174082;0.23940286;-0.13920775;9.442625E-4;0.041344415;0.36244783;-0.21530722;-0.11254513;0.023395428;-0.03434527;0.013522527;-0.04128488;-0.21158622;0.04370053;0.116429426;-0.11736616;-0.21809863;-0.04606636;0.25489715;0.03774112;-0.2616256;0.20083387;-0.1711319;0.03541434;-0.04439424;-0.004063218;-0.14138831;-0.10519631;-0.06191793;9;
20.269392;0.0;0.07553602;-0.21446103;0.027381977;0.030189237;0.1834632;0.102125905;-0.068688735;0.27019334;0.1263142;0.19907938;0.055501893;0.27551645;0.111327745;0.1665266;0.10626446;0.3213579;-0.27141848;0.13832492;-0.07463655;0.10629225;-0.16632898;-0.073509656;0.022100346;0.064432085;-0.100714445;-0.02155488;-0.20255914;0.10400876;0.014135986;-0.05247139;9;
18.543756;0.0;0.36144307;0.29693028;-0.34291017;-0.064232275;-0.1874468;0.0405852;-8.700705E-4;0.34443897;0.16292766;0.071097404;0.19411322;-0.09100415;-0.21043411;-0.06484539;0.03457094;-0.19487745;0.27851492;0.083549544;0.14608838;0.21165547;-0.11594665;-0.13255055;0.06271615;0.06428405;0.18874633;-0.1839262;-0.007150793;-0.04971349;0.067275636;-0.10715858;9;
19.228956;0.0;-0.3138311;-0.5868526;-0.17316338;-0.1543826;0.19040866;0.17768228;-0.15559027;0.10914401;0.015444333;0.14488274;0.0079733245;0.044246215;0.052900508;0.05416851;0.07471722;-0.011401033;0.207807;-0.12521143;-0.026921213;-0.16674028;-0.14932267;0.19860092;-0.058272697;-0.02030692;0.06545818;0.09787392;-0.07834008;0.010536549;-0.1609974;-0.06658686;9;
14.79598;0.0;0.14874925;-0.27869788;-0.3315356;-0.051513907;0.12298619;0.049710046;0.098402224;0.08961642;0.0022760935;0.38069394;-0.059967145;-0.2769228;0.19380738;0.13266727;0.13545366;0.08850745;-0.112230614;-0.15465553;-0.06609447;0.08549677;-0.104801945;0.15713602;0.20817709;0.105200514;0.23408921;-0.18418884;-0.05306561;0.08200202;-0.26888543;-0.08706167;9;
16.899582;0.0;-0.7408045;0.20041834;-0.16037281;-0.23259954;0.03273105;0.090790294;0.092598036;0.039015975;-0.14181189;-0.29299355;-0.101490535;0.16866466;0.11390363;0.08346316;0.1786029;0.06903416;0.055267144;0.059868686;-0.04057712;-0.033628013;0.25431764;-0.060612436;0.13057518;0.010732279;0.0050398842;-0.13001037;0.010685477;-0.07635858;0.0764614;-0.054128747;9;
21.147259;0.0;0.104564674;0.19089441;-0.28431487;0.3525775;0.16893387;0.020393768;-0.06718355;-0.19080351;-0.01741529;0.05129287;-0.06794464;-0.020339895;-0.3304251;0.09342059;-0.26793495;-0.0540656;-0.008745235;-0.20347638;0.065483056;-0.008937616;0.01800716;-0.18171518;-0.06508332;-0.07518642;-0.0144840125;-0.08827428;-0.078802675;0.08371245;0.068484806;-0.12633619;9;
20.405714;0.0;0.33625427;-0.16579235;0.011456759;-0.051218424;-0.2042392;0.120284125;-0.07393964;-0.15310323;-0.09843013;0.07597223;-0.09527812;0.10528182;-0.00790836;0.02092263;-0.029954866;0.02731668;0.11272295;-0.090683445;-0.12056695;-0.21981777;-0.12868534;-0.08349184;-0.22198321;-0.047654666;-0.1462276;-0.14395143;-0.10924853;0.14874057;0.007153922;0.092231005;9;
13.956467;0.0;0.508449;-0.25368765;0.18696061;-0.5917817;0.2370115;-0.06657239;0.15507384;-0.21246621;-0.35558087;-0.43703848;-0.0038552945;-0.16850346;-0.3391935;-0.074612096;-0.02018899;-0.12234443;-0.15591614;-0.13234398;-0.24219735;0.08862557;-0.09002093;0.014123603;-0.088103116;0.029318321;0.02294262;-0.013049669;-0.14237422;0.09875583;0.23242034;-0.1060514;9;
17.035797;0.0;-0.2981537;0.41989318;0.26296628;-0.18824738;0.20989107;-0.16688836;0.07959822;-0.33865902;0.053212833;-0.2663836;0.20016332;-0.2154926;-0.054120716;-0.07516757;0.29118752;0.02510736;-0.1986188;0.004444729;0.23963544;-0.08181725;0.096612714;0.15032183;0.18246673;-0.09186242;-0.037576243;-7.4950216E-4;-0.15106556;0.1548867;0.101409435;-0.06678415;9;
17.662788;0.0;0.39985842;-0.9304098;0.12011645;0.18853521;0.28035647;0.22982039;0.18521978;0.055645745;0.1962173;0.124785796;0.19804938;0.10252974;0.12390422;-0.16373728;-0.22064707;0.22689748;-0.08284843;0.069407;-0.1721567;0.0020635843;0.08563902;0.11134266;-0.118830524;-0.10808163;0.010855491;-0.100637875;-0.13179077;-0.07717443;-0.073143005;0.046982206;9;
14.361446;0.0;-0.10031647;-0.0279838;-0.5686117;0.24102461;-0.07077229;0.25063235;0.06680788;-0.03777851;-0.26221108;-0.20614329;-0.16919398;0.08078395;0.06494157;0.12847276;0.20804334;0.17807774;-0.2796378;0.08476743;-0.14955151;-0.058973707;-0.10554169;-0.034227837;-0.049340487;-0.02532628;-0.055061653;0.14603914;-0.19413905;0.16796237;-0.040016808;0.13878077;9;
16.396324;0.0;0.2211492;0.63403577;-0.103780836;-0.2370649;0.15074933;-0.19143583;-0.0859336;-0.17021699;-0.041329015;-0.086954154;-0.23220071;-0.20871733;-0.046435658;-0.03251606;-0.19823027;-0.056269195;0.16292585;0.18728763;-0.05512725;0.059746668;-0.048217453;-0.23935525;0.10746182;0.04131893;-0.14990628;-0.1515286;0.023146551;-0.16360074;-0.008323931;-0.015518314;9;
