250;16;10;
9.047792;0.0;0.042129457;0.1213035;0.83791953;0.7434613;0.42052802;0.94377005;-0.13149264;0.0012466214;-0.1926261;-0.0015214854;-0.30243164;0.08812548;-0.020652685;0.17040996;0;
8.142684;0.0;-0.17752403;-0.12882957;0.31296578;-0.8336322;0.18629201;0.4952063;0.27517113;0.11741587;-0.11068241;-0.07840794;-0.19608152;0.18906808;-0.24069035;0.28263965;0;
6.897279;0.0;-0.25075194;0.6861703;0.22908309;-0.60745233;-0.10223979;-0.4559601;0.4074647;0.30284056;-0.048367806;0.104248695;-0.29349208;0.24583961;0.1070839;-0.33859968;0;
7.5666347;0.0;0.060775638;-0.21250947;-1.0435903;-0.23111053;-0.06220637;0.6735487;-0.25426996;0.038901694;0.17162558;0.010390176;-0.17788061;6.807713E-4;0.06881913;-0.05423526;0;
6.3739076;0.0;0.16346565;0.2016884;-0.34454778;-0.28504094;-0.42129257;0.18202312;0.025407454;-0.32546937;-0.18811949;-0.16510561;0.049653113;-0.03742055;-0.1185494;0.15734851;0;
7.5479136;0.0;-0.29652548;0.24164508;-0.58215237;0.13990645;-0.3097939;-0.5083045;-0.24263711;0.21957725;-0.13069451;-0.14294143;-0.25137195;0.09179614;0.045480397;0.18821304;0;
7.946055;0.0;-0.36753035;-0.10122418;0.5667599;-1.1500479;-0.050693553;0.7811575;0.03132188;-0.11776371;0.2278057;0.2064317;-0.3270061;-0.12157941;0.21371302;-0.028917912;0;
6.227477;0.0;-0.37722284;0.10007225;0.54924136;-0.46511734;-0.16101259;0.53487796;-0.0020254536;0.053194314;0.09959236;-0.16418874;0.018832756;-0.13774727;-0.025639573;-0.03865012;0;
7.017236;0.0;-0.07880744;0.7626905;-1.5620891;-0.1900315;0.25692332;-1.1077629;0.31358248;0.43151918;-0.45624283;0.15313141;-0.20267513;-0.59886456;0.37385684;-0.06613345;0;
17.15998;0.0;0.97987425;3.2904685;-4.0747786;3.586661;-4.89945;-1.8312513;-0.8870565;-3.1703625;1.9691958;-2.0643358;2.5729823;1.1184225;0.27517602;1.9437072;0;
10.066417;0.0;-0.4053812;-0.686717;-1.1502262;1.9186528;1.8525906;0.33896244;-0.30580148;-0.84254324;-0.7230393;0.55833983;0.7944704;0.3261441;-0.15560044;-0.50604886;0;
7.041183;0.0;-0.26641932;0.25350636;-0.3692;-0.7806634;-0.40793636;-0.02183586;0.26584744;-0.13138424;0.025774991;-0.020208778;-0.033830356;0.20687027;-0.20169106;0.05687815;0;
12.852577;0.0;-0.3585799;2.0386872;-3.6501155;-0.733894;1.3681527;-3.195955;1.6912992;0.7925809;-0.97854364;0.9525388;-0.70860153;-1.1718348;0.74501806;-0.8707683;0;
7.8116326;0.0;-0.5725943;-0.09971573;-1.0760599;-0.6387647;-0.34574425;0.7639063;0.5037604;-0.22686844;-0.16062477;-0.43833303;-0.31510296;-0.104637854;0.00930103;0.48051503;0;
9.342844;0.0;0.60436565;0.03449496;1.6677877;-1.2215018;1.1638381;-1.4334352;0.5476838;-0.5993365;0.29630172;-0.8067411;0.01609136;-0.78020585;0.07242394;-0.7132871;0;
7.176448;0.0;0.022988489;0.5039148;-1.317379;-0.4458029;0.30963552;-1.0527687;0.5123311;-0.099259935;0.0060192603;0.7785813;-0.67696285;-0.06686722;0.029215567;-0.8441544;0;
5.9372835;0.0;-0.05300131;0.24428998;-0.24190693;-0.6242955;-0.39757964;-0.19355513;0.30439714;-0.35335243;0.04268394;-0.1983636;0.120417304;0.08670541;-0.36664423;-0.0073530218;0;
10.524935;0.0;0.25703585;0.7954964;-0.20850377;2.0516942;-1.5978143;1.5295414;-0.9920225;-0.18805446;-0.5647925;-0.7777596;0.20788555;-1.1059127;0.67172676;-0.7958583;0;
7.879567;0.0;-0.4811747;-0.042037286;-0.78753775;-0.13619612;-0.13847116;-0.34979585;-0.30921853;0.27049726;-0.058873348;-0.2669175;-0.13130584;0.0976517;0.18914287;0.25532216;0;
7.1153126;0.0;-0.07926534;-0.047805365;-0.7215574;-0.7544084;0.2513152;-0.40678906;-0.012467467;-0.074806675;-0.11250867;0.047211614;0.02569775;-0.06535616;0.10773282;0.010194732;0;
6.506467;0.0;0.36100566;0.050663754;-0.81542474;0.5360415;0.020773849;0.1434048;-0.10686769;0.08279881;-0.15475032;0.050559867;0.055624407;-0.0048983754;-0.09796956;0.041919697;0;
7.085891;0.0;0.093590766;-0.06362157;0.8066387;0.5469627;-0.004077258;-0.4768084;0.19484814;-0.3971423;0.22214758;0.008988015;0.15895732;0.07794779;0.0695776;0.056657787;0;
7.732382;0.0;0.09040001;0.3374115;0.17185375;-0.73819315;-0.5213049;-0.3477301;0.28424618;-0.15775505;0.15122935;-0.08821921;0.058671676;0.20770793;-0.2208502;0.020393211;0;
5.8983674;0.0;-0.04973824;-0.18957281;-0.27756158;0.71938735;0.5682757;-0.14078988;0.16273025;-0.041678097;0.05202226;-0.0066528334;-0.04294282;-0.1807295;0.120086096;-0.014225307;0;
8.301811;0.0;0.20691544;0.10887684;-0.09707276;0.9223448;0.19884832;-0.54488343;0.3211009;-0.16174668;0.045544334;-0.11856348;-0.17057693;-0.08141425;0.14176743;-0.16409642;0;
18.68583;0.0;0.089872174;0.0302415;1.4975324;0.806222;-1.1748332;-0.39383116;-1.0430735;-0.100889295;-0.3173838;-0.6580583;0.5018617;0.25743464;0.66475296;0.24323615;1;
20.500357;0.0;-0.2843851;0.6194919;1.3317124;1.4741986;0.5523526;1.7288281;0.2815391;-1.3791324;-0.6803567;0.60562146;-0.5513321;0.8536884;0.6287094;0.08497667;1;
22.84167;0.0;0.66875684;-0.7156203;-2.7142823;-0.02508932;0.25574765;-2.1333754;-1.7949296;-2.6695087;-2.460863;2.2687626;0.7754062;1.735626;-0.03144245;0.25983235;1;
22.542437;0.0;0.6017618;-0.40493006;-2.303703;-0.09077264;-0.9925374;-1.7880913;-2.03533;0.66675544;0.7861729;2.0131798;0.032092173;0.4718559;0.2528641;0.46559045;1;
21.61952;0.0;0.62238234;0.0042084493;-2.148052;-0.049140476;-0.40473473;1.853219;-1.1957163;-0.22399639;0.43860775;-0.97778136;-0.9287586;-0.7417272;0.7929201;-0.28707302;1;
21.777802;0.0;0.25303167;-0.5261957;-2.069439;-0.6028138;0.4856029;-2.1350884;-1.7649124;-0.95662737;-1.382605;1.8076428;1.015083;1.0423056;0.06994944;0.51914364;1;
23.93851;0.0;-0.1304488;0.46271062;-1.9095286;2.329486;2.3025992;0.9300859;-0.5687072;3.390766;-2.6913664;0.5197252;-1.0752574;-1.278575;0.17783153;0.26603335;1;
22.420507;0.0;-0.047689915;-0.47418758;2.4282799;1.196596;1.5057544;1.8770996;0.23461208;-3.4975016;-0.7516647;2.659396;0.9422777;-0.64106524;0.6512531;-1.057026;1;
20.026058;0.0;0.029314846;1.4281197;-1.4357412;1.8070403;2.0128984;0.19455753;0.23593451;2.7097223;-2.129313;1.0843921;-1.0389379;-0.88476676;-0.097877644;-0.070124626;1;
18.2194;0.0;0.40532103;-0.5127097;-1.7995738;-0.06573035;0.30033252;-1.6889502;-2.3349895;-1.2850318;-1.4079944;2.1962864;1.360911;0.84261346;0.10078769;0.17091836;1;
23.288786;0.0;0.5315856;-1.021601;-1.013873;-1.7305981;2.3623018;-0.7626755;0.20125537;-2.7558322;-1.8737706;-0.60890806;-0.3348135;0.7909392;0.06840245;-0.2687525;1;
20.750877;0.0;0.14873697;0.981398;-1.8057255;0.9428425;1.4198016;1.1171238;-0.6176275;2.557934;-2.3294117;-0.22683229;-0.34536237;-1.0237567;-0.5579911;-0.23610654;1;
20.806263;0.0;0.33709133;0.34515274;2.166972;-0.5791519;-2.288393;0.9895837;-2.8923979;1.0264677;-2.4117382;1.1032307;-0.35026768;0.7915285;0.91676134;-0.36809742;1;
17.732304;0.0;0.55380696;0.8853341;-1.3737186;0.19112606;-0.64789516;2.0255356;-2.2768977;-0.5436315;0.6289699;-1.8875973;0.46433303;0.54117435;0.08458693;-0.43651912;1;
18.265259;0.0;0.29482722;0.77954096;-1.4844891;-0.15483707;-0.7002868;1.7484337;-2.435423;-1.1299592;1.1133109;-1.6775243;0.68056643;0.78054494;-0.19053437;-0.2501841;1;
21.470594;0.0;0.18458493;1.5488311;-2.4927182;-1.0577799;-1.199766;1.2019725;-2.4640086;-1.9099503;2.1015053;-1.7923706;0.6933217;1.4689046;-0.538764;0.0100488085;1;
17.387892;0.0;-0.31233135;0.08948206;1.4198318;1.1391337;0.45177513;1.656191;0.57722336;-1.8822806;-1.3725466;1.5322443;0.3691887;0.058722645;0.5129461;-0.43675113;1;
19.421608;0.0;-0.55744225;-0.44237456;1.1389304;-1.1672825;1.2213207;-2.3919055;-1.2456917;2.8441522;0.2522283;-2.505043;0.16833393;0.30742484;0.3625102;0.58105457;1;
23.651762;0.0;-1.3900094;0.07756895;2.362282;2.6251225;0.20429844;1.8340359;0.14482528;-2.9402971;-1.2654179;2.9258044;1.5058228;-0.8110178;-0.3579424;-0.21338272;1;
19.394169;0.0;-0.09083273;0.5033297;-2.054719;1.0374129;1.3142419;1.1109339;-1.0241734;2.577722;-2.1664946;-0.22421862;-0.64345026;-0.71231794;-0.34143493;-0.39587793;1;
20.550186;0.0;0.4708171;-0.42110386;-1.7293055;-0.25003558;0.56052285;-2.2419202;-2.3814692;-1.0293778;-1.3030226;2.2589464;0.7562864;0.4234489;-0.8119419;0.46352163;1;
22.963352;0.0;0.27618256;-0.6618169;-0.05723337;-2.5715475;2.4283376;0.39156416;2.2562792;-1.9636875;-0.53044516;-2.288986;-0.7243107;-0.3528371;0.5231458;0.28967804;1;
20.21807;0.0;-0.40372163;-0.30447257;-1.8317295;-1.1591655;1.8436747;-1.1245121;-1.176315;-2.460949;-2.5103323;0.43107226;-0.67098325;0.72120583;-0.51468414;0.42630464;1;
20.014406;0.0;-0.39876935;0.7261716;-0.36464325;-2.5250762;-1.9180005;-0.17476489;1.4084929;-2.3549895;0.68522817;2.175169;-1.078422;0.0027685831;-0.69755644;-0.28433117;1;
18.050566;0.0;0.5132366;-0.15648387;0.17517412;1.5909237;1.3963797;-1.389752;2.4437137;-0.44706827;1.4935023;0.9998368;-0.030231701;0.44480988;0.26970956;-0.43245494;1;
27.468023;0.0;-1.7404414;-2.1640544;-2.7824883;5.4176555;4.501426;0.7450553;-0.3389336;0.3007703;1.357867;-2.059326;-0.5817162;1.1781259;0.3390081;-0.14759268;2;
25.586224;0.0;0.62499946;-1.8340782;-4.619674;-4.073705;-3.5142703;2.0616653;0.02094429;-0.2714037;-2.3881178;-0.4068549;0.11196506;0.1917591;0.27624115;0.17068923;2;
22.150072;0.0;0.3393993;-1.4993817;-5.59449;-0.4971951;-0.33417174;3.6493802;-0.25596908;0.09248038;-0.026472697;1.7286326;-0.3913831;-0.09225762;0.13777483;-0.3487269;2;
22.038088;0.0;0.48983547;-1.5993892;-5.692621;-0.9204801;-0.69424796;3.7331834;0.06371016;0.17391191;-0.6800646;1.3016909;-0.47852924;0.1313071;0.3896604;-0.3297451;2;
24.392431;0.0;-0.034264494;2.0550134;-4.9846053;3.529941;-3.5233798;-2.2372668;0.06349295;0.42327222;-1.8940232;0.117346145;0.095109604;0.056475308;0.17378964;-0.56019247;2;
24.400763;0.0;0.57995325;-0.9210618;-6.2351737;-1.4421253;-0.9792109;2.7507029;-1.2436175;-0.66735697;-0.9648972;1.4568136;-0.7258665;-0.25527894;0.2968949;-0.4979372;2;
20.703695;0.0;0.013513406;1.4658971;-4.4897637;2.8718596;-2.663894;-2.0322573;-0.19863552;0.43382517;-1.5789213;-0.16070482;0.3022721;0.4233749;0.3705929;-0.26638564;2;
23.74717;0.0;-1.4638188;-1.3087138;-2.8266175;5.3673325;3.6622071;-0.010393641;0.29128572;0.29672834;0.8507422;-1.8775233;-0.09399478;0.8463241;0.24691863;0.30349103;2;
19.757498;0.0;0.2870188;1.0893809;-5.210478;-0.24610323;0.35368243;-2.220612;-1.2331614;0.15747488;-0.23405838;-0.52490234;-0.60419106;0.040726166;-0.7898017;0.5267436;2;
26.299494;0.0;-1.1143688;2.0760465;-4.9233046;-1.8457414;1.5422245;-2.8305295;-0.54841965;0.2931579;0.26913372;-1.8637707;-1.2755296;-0.21989755;0.25427943;-1.1142659;2;
23.310097;0.0;0.017641097;0.99175525;-6.116559;0.23860602;-0.0025253538;-2.2433589;-2.0157483;0.24146064;-0.2702517;-0.83218485;-0.52466947;0.49375072;-0.17434129;0.737548;2;
25.821852;0.0;-1.2634982;1.6881026;-4.202459;-2.6326704;2.3726377;-2.806479;-1.4572364;-0.18765241;0.86658746;-1.1836758;-1.502135;-0.66316724;0.01366468;-0.003506407;2;
22.721415;0.0;-0.92606735;-0.22380038;-0.2974503;5.4150376;1.1930209;-0.9661093;2.546188;0.526593;-1.4198054;-1.0845839;0.2083272;-0.24918115;0.23333354;0.26923025;2;
24.383223;0.0;-0.04751078;-1.2224107;-4.6791925;-3.0755174;-2.8888981;2.106879;-0.15359941;-1.4918123;-1.5881445;0.32014346;0.19291152;-0.46616518;0.19936569;0.38987496;2;
21.552338;0.0;0.3363481;0.13766535;-2.848652;4.7808294;-1.3762473;-0.10492461;0.61684585;2.1672392;-0.34273136;0.7631567;0.23020989;0.11883506;-0.41754633;0.08005511;2;
23.360926;0.0;-0.9704855;1.1151265;-2.829701;-4.7897935;2.8177853;-0.187438;0.442002;-1.5550499;0.95176244;1.4461898;0.773299;-0.18883681;0.24454664;-0.51438653;2;
19.506882;0.0;0.65676075;1.691968;-4.8031673;1.4659905;-1.2680264;-2.9633448;-0.42688027;-0.024871726;-0.9239345;-1.1259204;-0.5591803;-0.14499602;0.2279736;0.3270636;2;
27.374872;0.0;0.972908;-2.075198;-5.81216;-1.5420214;-1.6308327;3.7660766;-0.8581411;0.19505738;-0.7050558;2.1273732;-1.3120428;-0.041707054;0.23666313;0.67145824;2;
24.244617;0.0;0.9001679;2.144194;-5.0109777;1.7484671;-2.2849174;-3.8379815;-0.45840445;0.20678674;-1.0835735;-1.1950474;-0.37657055;0.34779528;-0.05767138;0.091487005;2;
23.28856;0.0;-0.2848159;0.19865118;2.5047019;5.5342593;-3.5726064E-4;-0.6787189;1.5230181;-1.9312392;-0.6973586;0.47709137;-0.27946123;-0.18158653;-0.1231277;0.15478154;2;
21.887115;0.0;0.6625284;0.39915374;-3.5632598;4.828248;-2.1092432;-0.35873067;0.23488045;1.9266844;-0.4532713;0.864243;0.4100816;0.306425;0.055096976;-0.4178024;2;
24.431763;0.0;0.8446242;-1.9244918;-5.265746;-1.3057808;-1.6906126;4.243079;-0.5564387;0.50079674;-0.49513182;1.7852814;-0.90342546;-0.3737655;0.33449137;0.21652314;2;
20.43576;0.0;0.1487435;-0.29219082;1.9010476;-5.120808;-0.25443923;-1.5566076;1.32506;1.4773124;0.8368146;0.059876423;-0.42238644;0.013299344;0.24955547;-0.22252543;2;
23.538342;0.0;-0.78873825;0.13792156;3.2432995;5.359604;0.20548916;-1.758338;1.4908475;-1.9737191;-0.74455523;1.0351117;-0.5121681;0.094688766;-0.35721308;-0.5253702;2;
25.739609;0.0;-0.08234238;1.2771413;-5.6455836;1.2517966;-1.1882108;-3.2321084;-1.5896443;1.3687997;-1.073391;-1.214816;-0.68916756;0.8222837;0.7338984;0.3311605;2;
28.132574;0.0;-0.29583424;0.17522383;-4.509094;-1.7392317;-0.045566548;0.32102382;-2.9638798;-3.3124576;-0.015376869;0.22316797;-0.32954702;-2.1383083;0.92220443;-0.2614392;3;
21.471336;0.0;-0.88313055;0.45546347;3.503461;-5.9304223;-0.24543695;1.8600862;0.35430983;0.99390686;0.48455468;0.5913974;-0.46635425;0.059158362;-0.011881848;-0.037585985;3;
19.981829;0.0;-1.297161;0.14110872;5.359597;-2.9498527;-1.8552092;1.0623538;-0.5157218;0.34530163;-0.14994988;0.0016299122;0.29890507;-0.92449987;0.26170182;-0.30339414;3;
33.05698;0.0;0.73278433;-2.451921;-8.014212;-0.53379464;-0.7181287;3.9461184;-3.1090999;-0.44590768;-1.2117138;1.7450563;0.44201052;0.09221219;0.7190142;-0.5539949;3;
28.386005;0.0;1.1555152;0.17576344;8.516141;-1.2135888;3.2282073;-0.5455933;-1.3486485;0.47844908;0.5447846;-0.19207303;0.8513261;-0.29157758;0.079414696;0.09336933;3;
31.168156;0.0;1.0031428;2.3330345;-8.860982;3.1251307;-2.3778548;-4.25766;-1.4954147;0.55605346;0.06476725;0.7429627;-0.39036787;0.43651012;-0.49447715;0.34058452;3;
25.474812;0.0;-0.058844656;0.89008427;-6.3696632;0.85610276;0.01603246;-0.17909919;-2.95023;0.20982805;-0.18033782;-1.8240409;-0.048467673;-0.067622;0.15981981;1.2877682;3;
28.243944;0.0;0.16924067;0.655964;-5.307669;0.4144858;-0.798105;0.0064695943;-4.3958273;-0.2971309;-0.051024046;-1.8358512;-1.3318249;0.24593496;0.5923455;-0.39680493;3;
21.967184;0.0;0.39275742;-0.026458917;-3.8725789;-0.7929058;-0.7164922;0.41404897;-2.8883333;-0.768841;-0.14188068;-0.32520667;-1.5447161;-1.3679663;0.44443938;-0.10423318;3;
26.71441;0.0;2.2570412;1.7317879;0.57811743;7.153183;-2.9485857;4.0015974;0.17221513;0.24475259;-0.5521197;0.32675853;-0.43743077;0.34153384;0.83746314;-0.48707134;3;
32.44582;0.0;1.4592344;3.280414;-6.330846;6.285332;-4.8504114;-2.4282355;-0.39911088;-0.9568846;-0.6257504;-0.455501;-0.22084348;0.48249716;-0.15497795;0.50885636;3;
21.770111;0.0;0.5652627;-0.7281783;-4.18371;-2.8275888;-1.1608043;0.8473532;-1.477036;-2.5351985;-1.6872808;-0.10546903;0.014248433;0.4682464;0.67725873;0.46762118;3;
27.926466;0.0;0.84571546;3.2888875;-7.152245;3.7473712;-3.0576644;-4.313474;0.34480625;-0.48337305;-0.14442833;-0.35636526;-0.029537102;0.4739923;-0.35341656;-0.073106684;3;
21.662617;0.0;0.43913946;-0.7920755;-5.248405;0.5046226;-0.14941797;0.74675393;-2.4987395;0.51189613;-0.24234486;1.3905307;-0.24002723;-0.34469584;-0.052480955;-0.35941762;3;
25.539911;0.0;1.0938509;-1.6166477;-5.6565776;-4.7816067;-3.2622244;1.9641087;0.006829956;0.13967705;-0.7767943;-0.6284804;0.58817685;-1.2634054;0.19346064;-0.584613;3;
28.089615;0.0;0.3054189;2.003923;-5.8210773;1.561139;-0.9669801;-1.1002202;-2.9953048;2.4214997;-1.3504534;-1.7164576;0.22806104;-1.0119035;0.10587222;0.37171292;3;
30.259268;0.0;-0.056782637;3.2446737;-8.163552;0.051855307;-0.36482573;-5.6796594;-0.48413372;0.21653801;0.115489006;-1.1897111;-1.2105646;0.10411086;-0.051255744;-0.41050148;3;
21.905544;0.0;-0.3798396;1.7779009;-6.1762776;-1.328137;1.0517421;-3.0109;-0.6695435;0.062940426;0.4067313;-0.10482738;-0.4573928;-0.6573976;0.30031654;-0.15355502;3;
31.069479;0.0;0.89557004;4.335929;-7.4581747;3.8690484;-4.168376;-5.05056;0.6003932;-0.8985838;-0.75365514;-0.48779774;0.033899877;0.23347275;-0.22548196;-0.005925808;3;
23.585882;0.0;0.21992446;1.4729168;-7.2181997;2.0134733;-0.87836504;-2.2977486;-0.32183883;-0.12364426;0.26671606;-0.60425097;-1.1952034;0.32516998;-0.36624828;0.5705217;3;
22.360594;0.0;0.7723526;-0.69495714;-1.296002;-6.8877263;-1.9209592;-1.241173;0.4206664;-0.332529;0.29194212;-0.049367767;0.10525069;0.8647595;0.23572414;-0.090394996;3;
21.699293;0.0;-0.046818145;-1.710235;-6.5475216;0.7889323;0.32516962;3.0440254;-0.14576761;-0.09592346;-0.28510422;0.7539288;-1.1108938;0.07458702;0.012405845;0.071907915;3;
28.693304;0.0;0.86437666;-3.041243;-7.0520535;-2.7338362;-2.6862462;4.697601;-0.6197274;-0.058020968;-1.202634;0.18863793;-0.600868;-0.6655653;-0.51565254;-0.024382353;3;
23.597378;0.0;0.08735232;1.5485833;-7.361003;1.422548;-0.5517031;-2.2776837;-0.2960717;0.1600521;0.01665697;-0.35112557;-1.2091986;0.3145046;-0.07709718;0.32772234;3;
30.19294;0.0;0.4218032;-0.22177216;-2.042431;6.295964;-0.48000628;-0.38750443;2.5200415;3.0779822;1.2997239;0.0563322;0.2962248;-0.6949423;0.13873905;0.2691112;3;
19.059927;0.0;1.4669085;-1.279202;-1.5057954;-3.3568382;-1.7601581;-0.9107753;-0.16742739;-0.92184854;-1.7391698;-2.713636;0.29399318;-0.65353876;-0.19665176;-1.5971017;4;
26.162249;0.0;1.0028914;-2.5614831;-4.5596514;-3.4625823;-4.5170307;0.7407662;-1.7054526;-0.5799102;-2.4769766;0.59102404;-0.40483874;-0.10227146;-0.93354845;-0.11121325;4;
20.604998;0.0;0.68543154;0.85718554;-4.1351566;3.0326247;-1.9019362;-1.9432212;-1.2105025;1.2180101;-1.3034328;-0.34396136;0.86919457;0.88920254;0.6152409;1.0464967;4;
21.118422;0.0;1.3420864;-2.138154;-2.935691;-3.729604;-2.3971646;0.4786041;-1.4709717;-0.21205932;-3.273823;-0.042204127;-0.2909006;0.48447558;-1.5511469;0.40946183;4;
19.84223;0.0;1.6257122;-1.4985172;-2.956814;-2.0087407;-1.5117258;0.20178053;-1.4724152;-0.869009;-1.7411286;1.5168002;-1.2314899;-0.24601912;-1.3477328;0.3288718;4;
23.226192;0.0;1.2738639;2.1198363;-3.7011323;1.7309989;0.6421081;-3.3833756;0.3936359;1.682006;-1.1658922;-1.1605031;0.19030054;-0.08712118;-0.7443735;0.26449656;4;
24.723154;0.0;1.9415613;-0.6860524;3.5188358;-1.2152749;3.3398924;1.5422256;-0.366431;1.3766887;-1.1492553;0.83595854;-1.4805926;-0.75661457;0.9412411;-1.394997;4;
28.153383;0.0;2.2160156;-1.1309075;-1.6719546;-2.8387744;-0.7004651;-0.6840113;1.5518144;-2.0521643;-0.36107236;-1.7908522;0.58386296;-1.500147;0.7802262;-1.5902619;4;
17.1799;0.0;0.18686189;1.8713795;-4.126299;1.0568517;-0.41075644;-2.7786913;-0.35227525;1.7879932;-1.4914178;-0.53437555;-0.07953522;0.46885243;-0.62134403;0.48434556;4;
23.324774;0.0;-0.77913827;1.4753182;-6.4223676;-0.27854136;1.13065;-2.8616042;-0.7119827;1.5253508;-0.20499389;-0.40462878;-0.5583606;0.59888;-0.27775052;0.45793107;4;
22.189777;0.0;1.2992555;-0.9273886;1.8981701;-4.3086934;0.26499808;-2.1727788;0.7547162;1.0479643;1.5489908;0.80694795;-1.0589949;1.0677333;0.8115523;1.3977222;4;
20.587488;0.0;0.6562836;1.3165319;-4.711163;1.8338269;-0.5010531;-2.8568728;-0.5774004;1.2916685;-0.9080706;-1.0139452;-0.09245596;0.23676863;-0.65603936;0.9614589;4;
20.314226;0.0;-2.4735453;0.6227387;-3.9313724;-1.4594707;0.7588459;0.0011460042;-3.0934048;0.067542925;1.5940622;-0.39894596;-1.1462022;0.920272;0.49505287;0.03781608;4;
22.08801;0.0;-0.9298151;1.8571618;-5.7572737;-0.4251137;0.7336483;-3.1780713;-1.103959;1.543831;-0.42458433;-1.6651584;-0.4083445;1.0961945;-0.6559105;-0.34555498;4;
27.743055;0.0;2.459726;0.1737169;-1.5810102;-1.5921777;-1.846196;0.14566632;-0.35024506;-1.013468;-0.47390875;-0.043784246;-1.4192847;-1.0581461;-0.8566617;-0.6362452;4;
20.033579;0.0;1.5297781;-0.9525143;-2.613317;-2.4413836;-1.3867097;-0.32330212;-1.0585159;-0.9197547;-1.8603578;0.28164575;-1.0226433;-1.1593597;-0.92934227;-0.10836823;4;
20.288338;0.0;0.20205744;1.8574145;-2.9951386;0.79349;0.66088116;-2.4883866;-0.7118609;1.1789196;-0.9647672;-1.5030702;0.30542627;0.6533523;-1.7050921;-0.4115355;4;
24.51178;0.0;-0.62944496;1.4465858;-4.260042;3.5193994;-0.91974133;-0.9269955;-0.075747624;2.842934;-2.0632281;0.073358625;2.5308669;-0.07857286;0.93804044;0.46832427;4;
21.848343;0.0;1.3883204;2.0752504;-3.8522015;1.0491303;0.65686315;-3.2006583;-0.15394238;2.126099;-1.087097;-1.2166927;-0.086145446;0.36105806;-0.41396734;0.8785622;4;
22.998621;0.0;-1.6035075;0.4748132;4.1005273;-2.3936803;-2.1944823;0.65559095;1.1002145;1.5164989;-0.5556223;-2.5106137;-1.0318124;0.14116013;1.5175647;0.4445002;4;
22.332542;0.0;1.0072043;2.3668225;-4.488981;0.99758625;1.0631138;-3.0502152;-0.80730486;1.2096622;-0.6489188;-1.971099;-0.042938698;0.16145277;-0.80639684;-0.42527616;4;
20.81108;0.0;1.0494049;-1.66174;-2.6833122;-3.4038002;-2.8368654;-0.370272;-0.7104787;-1.137074;-2.647048;-0.2774349;-0.062231887;-1.4582449;-0.8707219;-0.4630727;4;
23.907703;0.0;1.2096274;2.0751193;-3.9322097;1.8962628;0.04438855;-2.8800464;-0.66202956;1.3147271;-1.7623785;-1.6157558;0.6502384;0.11835101;-0.6063149;0.23488957;4;
23.760212;0.0;1.6331495;-1.791818;-4.147885;-3.0311198;-2.2517958;0.38688335;-1.0955338;-1.1961093;-3.1658373;1.0588946;-0.8466183;-0.6061877;-0.9320501;1.0009929;4;
24.600172;0.0;2.6120744;3.234723;-1.932152;4.9991317;-3.3931334;-2.4720562;2.161427;-0.89977944;-0.79937595;1.1708045;-0.6267142;-0.7308093;0.71655136;-0.019118916;4;
32.867702;0.0;-1.6120292;-4.1903086;-1.3377099;5.4609394;-0.6711988;1.7301202;0.12557927;-0.6972479;0.614091;1.2115846;0.12573522;1.7008518;-0.54473734;0.7882395;5;
28.790857;0.0;-0.29354283;3.704747;-3.3027043;0.03205393;0.22814459;1.8717552;1.1488466;-0.10172002;-0.17311783;-0.44077155;-0.33288297;0.038860638;0.0065978114;-0.239716;5;
26.785234;0.0;-1.9158542;2.8214571;-2.3112347;-2.3226476;-0.9959732;1.5010858;-0.0056467294;1.1925641;0.48579767;-0.08456114;-0.05697523;0.2249289;0.40978843;0.35233873;5;
23.667084;0.0;2.812951;-1.340822;0.21546999;-3.3380542;1.4580858;0.20779735;-1.2374309;0.45873314;-0.080178685;-0.46178666;0.07260543;0.08621356;0.16668482;0.14024237;5;
28.176851;0.0;4.1425138;0.8377964;4.156885;-0.103374325;-1.0952291;1.0728388;1.428939;-0.8085556;-0.5191232;0.4211043;0.3422432;-0.2759448;0.089554615;-0.008072893;5;
23.621246;0.0;-1.5960795;2.5583925;-2.37329;-1.7394445;-0.61978096;1.5481409;0.2816846;0.8603584;0.23765816;-0.2725463;-0.17877655;0.2608224;0.48299477;0.35213837;5;
26.380125;0.0;0.32629278;-2.8267312;-3.1791992;-0.6643832;0.23036753;-1.7710488;1.0511523;0.44832513;-0.068089835;0.36741415;-0.21847886;0.046175662;-0.40683696;0.13436452;5;
22.057526;0.0;2.7968569;-0.99048454;2.2486718;-2.835413;0.18771644;1.0739362;-0.5974902;-1.0133871;0.47733375;0.38211027;-0.2620145;0.025415525;-0.21059012;0.04568795;5;
23.266893;0.0;3.0341747;-0.0054802075;3.7579694;0.47270265;-1.345672;-0.43410122;0.27122703;0.2268595;0.4616713;0.04649234;-0.2980957;-0.20214166;0.31629905;0.33561915;5;
31.82948;0.0;-3.743316;-3.2904735;1.7113769;6.5188904;0.26109636;0.4950913;0.7844865;-1.1654427;1.692283;0.037131134;1.0073104;0.44241434;0.23786569;0.2883839;5;
25.631393;0.0;-3.4158611;2.0559475;2.1209354;-3.901054;0.13302766;-1.4931064;-0.56138474;-0.32106328;0.19466345;0.18787384;0.22058985;-0.0707373;0.35117307;-0.24468513;5;
24.609634;0.0;-2.826809;1.8753457;2.9928186;-2.7030315;1.0784845;-0.9144329;-0.4331481;0.017998215;-0.019959662;0.8037789;0.07931296;0.8904062;0.42327684;0.43590587;5;
25.153383;0.0;-1.9628205;-3.3373063;-3.9917705;3.7039025;-0.5749379;-0.44775018;-0.17728394;-0.6912791;-0.59459686;-0.10137216;-0.022198012;-0.42198983;0.27010918;-0.29799002;5;
27.379763;0.0;-2.5197384;3.2319744;-3.108064;-5.022533;-0.7570898;0.32828385;-0.51582736;0.47982123;-0.74026483;-0.43718934;-0.8402779;0.6413323;0.31745395;0.8679671;5;
31.252207;0.0;4.7099347;-0.2690277;6.518641;0.37864497;-0.21138841;-0.27179447;-0.997132;-0.5376229;1.4266177;0.49881652;-0.17560269;-0.3703385;0.027123814;-0.043378517;5;
24.701578;0.0;-2.3122315;3.4528644;-2.057522;-3.9626393;-1.147018;-0.11298971;-0.63665235;1.0234513;0.33955312;0.23789306;0.080614865;-0.028255122;-0.16314413;0.18380478;5;
22.59905;0.0;3.0635388;0.8387529;3.9586437;-0.20601295;-1.0374657;0.8573516;0.49913123;0.07941552;0.42703685;-0.13990805;-0.4415119;0.48840332;0.45000243;-0.47700587;5;
32.13755;0.0;-2.3182807;-4.5331583;-0.31533307;6.5275826;-0.0040715723;1.3510685;0.7125876;-0.9255937;1.0287926;0.69689834;0.5487432;0.77504295;-0.2560986;0.19949305;5;
27.978855;0.0;3.7182903;-0.14285728;5.017209;1.0643872;-0.6491998;-1.232868;0.32039756;-0.34992698;0.77289;0.7393279;-0.49368712;-1.0212644;0.32240063;0.5231549;5;
24.879587;0.0;2.6195033;-1.951956;-0.7266036;-3.8636267;1.7136848;-0.34542748;-0.8594974;0.6952302;-0.21039616;-0.29297644;-0.10403852;-0.13402803;0.49300283;-0.053848963;5;
24.385885;0.0;3.568391;0.7850155;4.117625;-0.4209081;-0.9474717;1.1106905;1.1503646;-0.7005421;-0.3145941;0.49969584;0.049937278;-0.07344298;0.21046615;-0.18178524;5;
27.793077;0.0;2.0691125;-2.8140044;-2.4187267;-2.7382178;1.224807;-1.4000566;-0.035084408;1.1732966;-0.38863152;0.12026999;-0.007304494;0.21595745;-0.33458763;-0.3910519;5;
29.951096;0.0;-2.078045;3.9647968;-4.068905;-4.9120684;-1.0510886;0.28695506;0.17553635;0.2925253;-0.71677196;-0.69670916;-0.9174893;0.24351531;-0.3046822;0.66418046;5;
29.289846;0.0;3.4845486;0.54923415;5.195357;0.11249648;-1.5276762;0.09943859;0.2673379;-0.4122724;0.98748255;0.37843856;-1.0115274;-0.25192425;0.72938955;0.080521904;5;
26.07693;0.0;-1.4191486;-3.6538172;-1.077087;4.3369293;-0.7034432;1.7567816;-0.9044074;-0.09444972;-0.14434992;0.28676957;-0.11124186;0.55171067;-0.52146095;0.27799338;5;
35.61597;0.0;-1.1555074;-1.2086604;-2.677726;0.98764545;-1.6257495;-1.804333;1.1766565;2.8450341;-3.3657455;2.069667;-0.6634702;-0.48487452;-0.53425527;1.7912546;6;
33.235523;0.0;0.017244052;1.0153527;-1.9289818;-2.4126306;-2.4073408;0.5276065;-0.6304642;-2.8698008;-4.5091887;-1.1731453;-1.4985257;1.8246703;-0.27708986;0.3271698;6;
28.10632;0.0;0.4839981;1.2685724;0.8604404;-2.829054;-2.3316765;-2.724859;-0.6198201;-1.190104;-0.5720532;-2.3608515;-1.5893569;-0.841785;-0.18549989;0.056671593;6;
26.440937;0.0;0.18754904;-1.3354136;-1.2348086;1.6355059;-1.1073732;-0.5224412;0.8429014;2.8731105;-2.8014636;1.7734358;0.042892896;-0.71006167;1.0364393;1.0673473;6;
34.930103;0.0;1.1666055;0.72088224;-0.19527014;2.095972;0.5177096;-1.1190372;3.9124858;-0.21372151;-3.3189774;-2.615029;0.1437077;1.1180055;-0.81226504;1.2456622;6;
34.168053;0.0;-1.3820951;-0.5422868;2.4357042;0.69957703;1.7078214;0.9586751;-3.5511694;-1.1277914;-4.116398;-2.5151668;-0.832682;-1.4305373;1.2021785;-0.36111295;6;
31.28242;0.0;0.9453959;-0.49815333;2.8160775;0.91888165;-1.7484072;-0.8190021;-2.9847229;-0.5751331;3.064649;0.6325001;-0.15971069;1.1422427;-0.8777706;-1.9315395;6;
27.534334;0.0;-0.5610747;0.7584727;-1.2453794;-1.3364782;-2.8172307;0.17926975;0.7246715;0.2955983;-0.04132875;-2.030447;-1.763456;-0.9733943;-0.6080006;0.12770398;6;
26.122406;0.0;-0.2772041;-0.6834353;-2.3783107;0.115563765;-0.22745098;-1.6071314;-2.3317633;1.5809782;-1.894371;-2.6176395;0.7582528;-0.17981632;-0.82457024;0.35586774;6;
37.733288;0.0;0.66827476;-1.0138514;-2.524173;-2.1614878;1.3649949;-1.3621123;-0.9437197;-3.664945;4.890288;0.2118033;-1.0888866;1.8074679;0.7507712;0.097796716;6;
28.138668;0.0;-0.6404553;-0.92293006;-2.2929711;1.0511645;-1.4943404;-1.9594376;0.9191723;2.0929108;-2.8737874;1.6662042;-1.0363607;-0.8000696;-0.6210378;0.5079076;6;
27.356527;0.0;1.2814565;-0.529169;1.5939798;0.8063238;-0.6844967;-0.49024653;-3.153915;-1.7293108;2.7651145;1.533932;0.35881162;-0.24806345;-0.9271091;-1.1687872;6;
32.035427;0.0;-0.46808887;0.38255754;-2.898418;-1.3570415;-1.4907355;1.8501346;-1.8009582;-2.3689058;-4.368976;1.6435937;-0.13679786;2.0521283;-0.21845867;0.62653637;6;
27.47643;0.0;0.54845256;-1.3545808;3.133172;1.0571982;-3.1266277;0.013088214;-0.04760503;1.2489752;1.5515699;-1.7622082;-0.7239446;0.39961126;-0.13170147;1.0443419;6;
33.951397;0.0;1.0700423;0.45922562;3.5064037;0.36361468;-2.1863072;-1.6714581;-3.9495766;0.14138691;4.3159347;0.5254763;-1.0161057;-0.5459863;-0.05672178;0.84602404;6;
26.38147;0.0;-0.71222466;-0.38952577;2.5128994;0.63436496;1.5078331;1.4239019;-2.6045263;-0.88591164;-3.1045477;-1.9630287;-1.0755872;-0.85479146;0.19295926;0.20170136;6;
24.497564;0.0;0.23098472;-0.87477344;1.0856806;-1.7719941;0.8801999;2.013054;0.8869868;-0.97850883;-1.1522359;2.2068748;-0.46266174;-2.1320767;0.2796745;0.51066905;6;
36.54007;0.0;0.7222134;-0.2141552;3.393113;-1.890262;-2.1051333;1.6099662;-1.358066;3.673733;0.5141298;-5.1358013;0.92532194;2.4750469;-0.4029306;0.37489548;6;
26.585209;0.0;-1.5695968;0.06446342;-2.8213294;-0.26545906;-1.6240108;-3.02831;1.900728;0.383137;-1.9827052;1.2619469;-1.4824696;-1.430698;0.9617195;-0.57529604;6;
30.937487;0.0;-1.3545028;-0.9453535;-3.2855003;0.20756543;-1.7334385;-2.8571792;0.7414869;1.5918958;-2.859131;0.7352495;-0.33185944;-0.92181736;-0.19789946;1.358296;6;
33.251186;0.0;0.46441847;-0.65989596;0.8584875;-2.2721672;0.66484976;2.083408;2.2288988;1.6337987;-4.0085807;-0.50040674;1.6826493;-1.3480915;0.108037576;-0.35531697;6;
36.527637;0.0;-0.33062527;1.0837828;-3.0043905;-1.0988586;-1.2470336;2.068178;-2.858743;-2.135967;-4.2396154;3.2269573;0.7169291;1.6778408;-0.3668959;0.8737272;6;
30.408361;0.0;-0.3454416;-0.5284099;2.8268259;0.41696885;-4.2803745;1.6390729;2.114967;-0.11282774;-0.8699635;-0.6370057;0.33121875;1.6364121;-0.008124252;-1.8938556;6;
27.687916;0.0;-1.0756627;-0.6618284;-2.5475087;0.5518325;-2.5420518;-1.6992242;1.1449862;0.48569593;-1.8776342;1.6775497;-1.4702864;-1.1065518;0.8516088;-0.21894747;6;
26.00161;0.0;-0.079373986;0.5872619;-1.5030342;-1.7066443;-1.8639964;0.7202205;0.2570667;-1.8870109;-2.882026;-1.8335073;-1.7791225;0.5102072;-0.96817803;0.3480608;6;
16.650677;0.0;-0.66394407;0.78853875;-0.29547167;-3.4289038;1.2970849;1.0971873;-0.49246278;0.11038537;0.16379537;-0.65290046;0.14142916;0.83448964;-0.67624855;-0.40481812;7;
20.422153;0.0;0.9840609;-0.10231015;2.4382267;3.258529;0.4487882;2.1377728;0.33273697;0.54606646;0.18206947;-0.009933389;-0.24808542;0.15410599;0.2069697;0.018652225;7;
19.683245;0.0;0.41403863;1.3303149;-3.9104896;0.5060424;-0.0033130092;-1.8994045;0.27950484;-0.15975301;-0.22833355;0.5238593;-0.46766573;0.10879522;-0.26071575;-0.25679752;7;
15.590297;0.0;-0.74789333;-1.467806;-2.6528275;1.5883392;1.6077003;1.2940302;0.37069964;-0.2896795;-0.009016064;-0.13001272;0.25579363;8.061788E-6;0.24584791;-0.16533826;7;
15.411462;0.0;-1.0384729;-0.36952144;0.50901604;2.719562;0.99214464;-1.3831942;-0.27171803;0.35204846;0.38687968;0.11678671;-0.41014966;-0.47378197;0.37806603;0.3312849;7;
14.245927;0.0;-0.96127045;0.15530403;2.8746045;-0.44401377;-1.4334588;0.19280419;0.59760994;-0.0670795;-0.2734004;0.2688329;0.6776028;-0.3280846;-0.4144662;0.102328934;7;
16.142647;0.0;-0.8894589;0.41614407;1.33302;-3.0632112;0.1289588;1.7634912;-0.24154173;-0.553647;0.88467354;-0.2080962;-0.94992536;0.2935127;0.613368;-0.38663992;7;
18.91336;0.0;1.0156316;0.12532192;2.0416799;2.7364802;0.10018152;2.067316;0.10363725;0.50245523;-0.120058425;0.079035796;-0.35740238;0.12645583;-0.24234875;-0.25214294;7;
14.139228;0.0;0.13120012;-1.0262753;-3.2863169;-0.1443189;-0.25666532;1.7605213;0.7177791;0.4930871;-0.060562685;-0.5122176;-0.3857513;-0.11275251;0.095182166;0.35336035;7;
16.713268;0.0;0.41132122;-1.2521503;-1.5086769;-2.8068166;-2.014465;0.033311047;-0.33324313;0.727447;0.13129011;0.52750164;0.50050426;-0.2426137;0.118826985;-0.6329233;7;
19.825274;0.0;-0.06712691;-0.83038175;-3.4390695;1.0074838;0.5703806;1.9522921;0.679717;0.19397852;-0.44453397;-0.91883963;-0.45790187;0.43461066;0.1707044;0.431295;7;
19.285639;0.0;-0.63639987;-1.0139529;-2.261197;2.6599743;1.6766121;0.96053135;0.021290379;-0.63889354;-0.68120897;0.2688064;0.42087945;0.31388018;0.42967567;-0.5685701;7;
20.55651;0.0;-0.59905446;1.015791;-2.3493412;-2.4535112;1.8996897;-0.98277485;-0.039570842;0.9675102;-0.74959266;-0.114778206;0.10553416;-0.4456052;0.15238875;0.37533873;7;
17.27814;0.0;0.6282335;-0.45434988;-0.552437;-2.9166672;-1.5341939;-0.6473719;-0.517012;0.36814913;-0.28144285;1.0481194;0.5158953;0.764773;0.85829186;0.26098302;7;
17.419195;0.0;0.26241168;-1.0923133;-1.8927013;-2.5715072;-1.8233557;0.21591507;0.04107525;0.40203914;0.2612077;0.43246257;0.35479063;-0.2413249;-0.030809386;-0.43981105;7;
14.155368;0.0;-0.066066675;1.5051693;-2.8929904;-0.089952834;0.21049482;-1.7677288;0.32441744;0.47150913;-0.54691446;0.08457902;-0.22387044;-0.27813393;-0.084614486;-0.25096095;7;
15.427074;0.0;-0.9766626;0.5564076;1.9797868;-2.8186162;-3.9278337E-4;1.209053;0.23241821;-0.083524205;0.26081914;-0.47453186;0.047045827;-0.022728562;0.20386337;0.13324623;7;
13.7106085;0.0;-0.34198946;1.6435509;-2.9654672;-1.6962044;1.3109057;-1.6097438;0.13653308;0.44026637;-0.48677176;-0.11124101;-0.10339239;-0.340974;0.4531253;-0.059660748;7;
19.149673;0.0;-0.9871246;-1.2825922;-2.1103773;2.773118;2.199012;0.65074694;-0.15034606;-0.4134439;-0.63784736;0.2280426;0.8984193;0.43461165;-0.08205959;-0.7385926;7;
16.162884;0.0;0.84494275;0.8800919;-0.788294;2.7565823;-1.5287441;0.54775214;-0.4521187;-0.110517725;0.14172707;-0.5117797;0.6089942;-0.4526033;0.669878;0.0566158;7;
15.442672;0.0;0.17327464;1.1499686;-3.004454;0.5185822;-0.41617113;-1.415631;0.26326737;-0.07729169;-0.049067352;0.039146166;-0.2918346;0.16846354;-0.4120858;-0.35611543;7;
16.980968;0.0;0.80785143;0.89854383;-2.0489044;2.5680416;-1.6501724;-0.5039784;-0.28841752;-0.34982505;0.6469687;-0.3019569;0.50693643;0.4996294;0.08278425;0.724665;7;
15.607719;0.0;0.35230666;-1.2346601;-2.1490011;-2.7086327;-1.5749457;0.30441937;-0.039496537;0.10636195;-0.0570958;-0.2473058;-0.28515208;-0.13972539;-0.22658075;0.10182426;7;
15.774951;0.0;-0.9299974;0.4581385;1.7718612;-2.6905017;-0.14470702;1.7387936;-0.046638925;-0.7491187;0.66013616;0.046007678;-0.95282966;-0.06470271;0.553098;-0.10113926;7;
17.653387;0.0;0.2489027;-0.91775715;-3.4013414;-1.0096263;-1.0439944;1.8647826;0.62129784;0.5716242;0.23846641;0.0076480475;-0.35502586;-0.44857678;-0.474877;0.09172277;7;
4.504638;0.0;3.2636623;0.021103648;2.9734194;0.014617278;3.390059;-0.027559783;3.3638487;0.039851177;3.3953657;-0.048902713;3.2900774;-0.070975296;3.182208;0.16349281;8;
7.3695445;0.0;2.8226812;-0.011155239;2.9959526;0.008325593;3.0573266;-0.097451404;2.931109;0.06793587;3.0606406;-0.18090442;2.9793272;-0.061373424;3.0242395;0.04155537;8;
4.265907;0.0;-0.04088788;-1.7784816;-1.513285;0.7595231;1.0756073;1.2500582;0.88386726;-1.3813443;-1.563537;-0.5532731;0.053298134;1.6126271;1.5563239;-0.37348616;8;
1.504644;0.0;-0.24097374;0.102365606;-0.047310207;0.1479149;-0.25825036;0.068009175;0.18781096;-0.027914325;-0.10060084;0.086561434;-0.114798576;-0.07986305;0.042759106;0.04398276;8;
3.7837322;0.0;2.1619112;-0.9140895;1.5204443;-1.8577702;0.9426557;-2.5608757;-0.40183914;-2.5888243;-1.2716203;-2.1599054;-2.1173928;-1.5421304;-2.476025;0.0;8;
2.0131924;0.0;-0.14836153;0.121157885;-0.34035927;-0.16203;-0.018117955;0.18593778;-0.068124235;-0.17599733;0.115132764;0.15987107;-0.08926674;-0.09043743;0.0527418;0.001548128;8;
3.749903;0.0;2.1670709;-0.9488865;1.7580788;-1.9523941;0.64389366;-2.2848806;-0.18402168;-2.6514144;-1.1828705;-2.185214;-2.2688453;-1.3959466;-2.5582573;0.0;8;
9.051156;0.0;3.6978743;1.6392254;3.19657;2.683196;2.247718;3.574939;0.92703676;4.098757;-0.35644698;4.307634;-1.8366302;3.820068;-2.8567948;3.2521093;8;
4.5907645;0.0;1.3531519;-0.64516044;0.68840766;-1.2183597;0.15862107;-1.6230557;-0.75247157;-0.96440816;-1.0523381;-0.32002395;-0.9541202;0.104037076;-0.20638953;0.528581;8;
20.489231;0.0;4.7098284;4.2748685;0.95687085;6.128471;-1.8917278;4.64472;-3.1720686;1.8796241;-1.7369117;-0.26698261;0.44525662;-0.31307966;1.2757105;0.7375575;8;
14.56158;0.0;-2.0891485;3.7580035;-2.2279263;-2.0281134;2.0279737;-2.064808;1.4087373;3.2447221;-2.8146286;-1.4324338;1.8048975;-0.30675405;-0.7967367;-0.08722643;8;
1.9680588;0.0;-0.2494376;0.07644959;-0.038260583;0.054736353;0.074939094;0.041894678;0.026828285;0.0727463;-0.030476555;-0.18210784;0.045778416;0.10832243;-0.12790653;-0.20393631;8;
10.554329;0.0;3.1277778;-1.1354547;2.3324916;-2.328463;1.4338036;-2.8040938;0.07223669;-3.008972;-0.73761654;-1.943249;-0.884868;-1.0863628;-0.530952;-0.6161811;8;
10.939546;0.0;2.5295665;3.0857494;-0.22387283;3.8872304;-2.671381;1.9544528;-2.2756946;-0.43235338;-0.9039192;-1.3361331;0.5731877;-0.89818144;0.29939994;0.17113037;8;
1.7039905;0.0;-0.11382111;0.13485005;-0.055183057;0.12228744;-0.21077992;0.010066024;-0.21799505;0.02214234;-0.1704347;-0.11033734;0.13323689;-0.19783387;0.18724576;0.025978116;8;
1.6862208;0.0;-0.2421259;0.30105135;0.29848757;-0.09410579;0.07579844;0.056950007;-0.10476845;0.114580765;-0.04888485;-0.06268305;-0.07499405;0.045100775;-0.049856964;-0.11105144;8;
1.6542907;0.0;0.02924491;0.08009314;-0.07011117;0.0076906155;-0.09160096;-0.09165766;-0.091372505;-0.038939174;-0.081481256;0.07678375;-0.0071853995;0.05877158;-0.070258;-0.04799444;8;
2.071396;0.0;-0.059660867;0.14246473;-0.29159823;-0.1804559;0.04528093;0.07518657;0.048194453;-0.034849074;-0.07176334;0.046680003;0.002531356;-0.05257325;1.9251097E-4;0.017223874;8;
20.9653;0.0;7.2788367;-2.6629186;5.108058;-4.0670714;3.2157488;-4.7682433;1.1572653;-4.0283756;0.5461776;-2.386097;0.73875165;-1.87908;0.71780765;-0.913643;8;
1.6104692;0.0;0.015484941;0.15960431;0.19205086;-0.032119066;0.014089291;0.10733642;-0.0687273;0.015219921;-0.016599683;-0.007595425;8.10649E-4;-0.04777002;0.057656292;0.0;8;
8.379503;0.0;3.7697823;-5.3703837;-2.0351553;-6.0886207;-6.0709443;-1.8277538;-5.107709;3.8103302;0.11663504;6.466825;5.33047;3.7268634;6.1720433;-2.016893;8;
1.9673979;0.0;-0.019276436;-0.098768786;-0.16570416;-0.09186279;-0.075998925;0.19915132;0.033541285;-0.1927328;0.009621321;0.08272147;0.03586121;0.111166045;-0.088305704;-0.06975345;8;
1.7519164;0.0;-0.108552344;0.026938563;0.14969738;-0.018511474;-0.1019116;-0.021313973;-0.006266391;0.08014211;-0.025735373;0.058913324;0.15340555;0.047661696;0.024929456;-0.10853373;8;
8.668212;0.0;6.978732;0.03197636;6.9515414;0.2898097;6.8807793;0.09934459;7.1068144;-0.061164424;7.0749025;0.15170237;7.007191;-0.1005784;6.9769506;-0.020381453;8;
1.877103;0.0;-0.1732585;0.069743216;-0.32021135;-0.050620493;0.15758045;0.058377102;-0.105714;-0.06706103;-0.04114228;-0.0034977624;0.09395036;0.0057608364;-0.08616405;0.025797708;8;
20.87859;0.0;-0.2014606;-0.10469778;0.23148032;0.16895649;-0.2443378;0.1873729;-0.19277106;-0.13932112;-0.00721334;-0.07684151;-0.13691065;-0.009700081;0.045061734;-0.11788275;9;
17.840086;0.0;-0.47297487;0.038977508;0.3992116;-0.19159503;0.1090228;-0.024624178;0.38434988;-0.06475187;0.07283938;-0.29056934;0.032812297;0.11370776;0.02140606;-0.09743257;9;
16.183275;0.0;0.21751992;0.5062099;-0.046608847;0.06739871;-0.1653263;0.04695439;0.018304067;-0.16626449;0.20292518;-0.17549038;0.17571464;-0.091031656;0.046081442;0.37174165;9;
14.805466;0.0;-0.5841273;0.34131256;0.21303818;-0.056891974;-0.18549173;-0.059496894;-0.012967321;0.1243657;-0.00800383;-0.117831714;0.15036543;0.20277378;0.24594522;-0.05593774;9;
20.320843;0.0;-0.30140066;-0.008773466;0.04746074;0.15495744;-0.15871884;0.18718402;-0.21204089;-0.17265156;0.003158584;0.019908754;0.03256817;-0.012997136;0.11119655;-0.1600255;9;
18.483768;0.0;-0.043267917;-0.31018248;-0.010297063;0.36869666;-0.08256518;0.20185414;-0.3587657;-0.085203275;-0.12045651;-0.12898228;0.021974977;-0.09029487;0.09196406;-0.085451454;9;
17.96576;0.0;-0.14131491;0.25353628;0.24442965;0.09330242;-0.0033365947;0.23773786;-0.2621041;0.12443287;-0.05025276;0.049286705;-0.28653082;-0.10126106;-0.12497777;-0.1237121;9;
20.283014;0.0;-0.106801644;-0.14466679;0.10832983;0.27879393;-0.12803297;-0.053183813;-0.32005277;0.38629943;0.06731845;0.09496374;-0.065431;-0.083538316;0.2727895;0.106445394;9;
21.638603;0.0;-0.051765118;-0.1126586;0.10449861;-0.01657259;0.040285222;-0.29371476;-0.12577344;0.24323961;0.091858715;-0.025408372;-0.013734595;-0.041743714;0.15966922;0.2947816;9;
14.853056;0.0;0.13960159;-0.22108978;-0.14005114;-0.15475763;-0.23189591;0.07900076;-0.20834197;0.010992354;0.11405243;0.12736005;0.17289692;0.01837335;0.07410349;0.2645574;9;
18.375494;0.0;-0.91390514;-0.18901464;-0.07112029;-0.27096492;0.09913912;-0.008573833;-0.3019097;-0.049009793;0.17415042;-0.064888194;-0.29256552;0.114958026;-0.045523454;0.2564682;9;
17.265945;0.0;0.15229984;0.9388871;-0.024261193;-0.09232332;0.26600602;0.16748062;0.4098227;0.10057698;0.051844675;0.12599126;0.052336242;-0.08856461;0.05169928;0.13840412;9;
20.697374;0.0;-0.6008562;-0.01174082;0.23940286;-0.13920775;9.442625E-4;0.041344415;0.36244783;-0.21530722;-0.11254513;0.023395428;-0.03434527;0.013522527;-0.04128488;-0.21158622;9;
20.269392;0.0;0.07553602;-0.21446103;0.027381977;0.030189237;0.1834632;0.102125905;-0.068688735;0.27019334;0.1263142;0.19907938;0.055501893;0.27551645;0.111327745;0.1665266;9;
18.543756;0.0;0.36144307;0.29693028;-0.34291017;-0.064232275;-0.1874468;0.0405852;-8.700705E-4;0.34443897;0.16292766;0.071097404;0.19411322;-0.09100415;-0.21043411;-0.06484539;9;
19.228956;0.0;-0.3138311;-0.5868526;-0.17316338;-0.1543826;0.19040866;0.17768228;-0.15559027;0.10914401;0.015444333;0.14488274;0.0079733245;0.044246215;0.052900508;0.05416851;9;
14.79598;0.0;0.14874925;-0.27869788;-0.3315356;-0.051513907;0.12298619;0.049710046;0.098402224;0.08961642;0.0022760935;0.38069394;-0.059967145;-0.2769228;0.19380738;0.13266727;9;
16.899582;0.0;-0.7408045;0.20041834;-0.16037281;-0.23259954;0.03273105;0.090790294;0.092598036;0.039015975;-0.14181189;-0.29299355;-0.101490535;0.16866466;0.11390363;0.08346316;9;
21.147259;0.0;0.104564674;0.19089441;-0.28431487;0.3525775;0.16893387;0.020393768;-0.06718355;-0.19080351;-0.01741529;0.05129287;-0.06794464;-0.020339895;-0.3304251;0.09342059;9;
20.405714;0.0;0.33625427;-0.16579235;0.011456759;-0.051218424;-0.2042392;0.120284125;-0.07393964;-0.15310323;-0.09843013;0.07597223;-0.09527812;0.10528182;-0.00790836;0.02092263;9;
13.956467;0.0;0.508449;-0.25368765;0.18696061;-0.5917817;0.2370115;-0.06657239;0.15507384;-0.21246621;-0.35558087;-0.43703848;-0.0038552945;-0.16850346;-0.3391935;-0.074612096;9;
17.035797;0.0;-0.2981537;0.41989318;0.26296628;-0.18824738;0.20989107;-0.16688836;0.07959822;-0.33865902;0.053212833;-0.2663836;0.20016332;-0.2154926;-0.054120716;-0.07516757;9;
17.662788;0.0;0.39985842;-0.9304098;0.12011645;0.18853521;0.28035647;0.22982039;0.18521978;0.055645745;0.1962173;0.124785796;0.19804938;0.10252974;0.12390422;-0.16373728;9;
14.361446;0.0;-0.10031647;-0.0279838;-0.5686117;0.24102461;-0.07077229;0.25063235;0.06680788;-0.03777851;-0.26221108;-0.20614329;-0.16919398;0.08078395;0.06494157;0.12847276;9;
16.396324;0.0;0.2211492;0.63403577;-0.103780836;-0.2370649;0.15074933;-0.19143583;-0.0859336;-0.17021699;-0.041329015;-0.086954154;-0.23220071;-0.20871733;-0.046435658;-0.03251606;9;
